##FastQC	0.10.1
>>Basic Statistics	pass
#Measure	Value	
Filename	RA035_R1.fq.gz	
File type	Conventional base calls	
Encoding	Sanger / Illumina 1.9	
Total Sequences	6564216	
Filtered Sequences	0	
Sequence length	80	
%GC	44	
>>END_MODULE
>>Per base sequence quality	pass
#Base	Mean	Median	Lower Quartile	Upper Quartile	10th Percentile	90th Percentile
1	30.104037405228592	32.0	32.0	32.0	21.0	32.0
2	30.917826287251973	32.0	32.0	32.0	32.0	32.0
3	31.2315813495473	32.0	32.0	32.0	32.0	32.0
4	31.303067418866167	32.0	32.0	32.0	32.0	32.0
5	31.147906010405507	32.0	32.0	32.0	32.0	32.0
6	34.70629516152424	36.0	36.0	36.0	32.0	36.0
7	34.67291737505286	36.0	36.0	36.0	32.0	36.0
8	34.67744175389719	36.0	36.0	36.0	32.0	36.0
9	34.61316172411146	36.0	36.0	36.0	32.0	36.0
10-14	34.66823300756708	36.0	36.0	36.0	32.0	36.0
15-19	34.54212707199154	36.0	36.0	36.0	32.0	36.0
20-24	34.366338859050344	36.0	36.0	36.0	32.0	36.0
25-29	34.053195263531855	36.0	36.0	36.0	32.0	36.0
30-34	33.843398967980335	36.0	36.0	36.0	32.0	36.0
35-39	33.70745164388253	36.0	36.0	36.0	30.0	36.0
40-44	33.549517291935544	36.0	36.0	36.0	25.8	36.0
45-49	33.34545630430199	36.0	36.0	36.0	21.0	36.0
50-54	33.100150970047295	36.0	36.0	36.0	18.2	36.0
55-59	32.83770978895271	36.0	35.2	36.0	14.0	36.0
60-64	32.554724372263195	36.0	32.0	36.0	14.0	36.0
65-69	32.3241320821862	36.0	32.0	36.0	14.0	36.0
70-74	32.14904472978951	36.0	32.0	36.0	14.0	36.0
75-79	31.979335353985913	36.0	32.0	36.0	14.0	36.0
80	30.317125914199046	36.0	27.0	36.0	14.0	36.0
>>END_MODULE
>>Per sequence quality scores	pass
#Quality	Count
14	3.0
15	146.0
16	1645.0
17	5960.0
18	11149.0
19	12713.0
20	13535.0
21	16121.0
22	21940.0
23	30799.0
24	45066.0
25	65378.0
26	94199.0
27	130016.0
28	173897.0
29	226466.0
30	292715.0
31	382527.0
32	523962.0
33	787855.0
34	1438892.0
35	2289232.0
>>END_MODULE
>>Per base sequence content	warn
#Base	G	A	T	C
1	34.3499612657308	22.604405423254732	17.610023225326803	25.43561008568767
2	18.321158653721646	27.274963932987717	25.433238322590668	28.97063909069997
3	19.983665985397188	27.36066272042236	32.092621571258476	20.563049722921974
4	23.19154336176628	27.89294258446096	27.32653831013483	21.58897574363793
5	22.791739333379645	32.83267948525764	24.950946160211668	19.42463502115104
6	26.907006107050712	25.338760942662457	27.185348562570155	20.568884387716675
7	25.25433349542428	27.702348612538042	24.242529496287144	22.800788395750534
8	27.111265077200386	26.8774823985073	26.104305525595134	19.90694699869718
9	22.218769156895508	29.516990300136374	26.60262855457529	21.661611988392828
10-14	23.729324754251635	27.431607735676405	28.54044412259161	20.298623387480355
15-19	22.99398880195221	27.89114665886355	28.03225110400091	21.08261343518333
20-24	23.08438473145792	27.850219140046704	28.582736534565946	20.482659593929426
25-29	23.2469617505119	27.74599943305896	28.475336692157054	20.531702124272087
30-34	23.234136194817058	28.0735750315145	28.173968176230247	20.51832059743819
35-39	23.20751342346787	27.6177492074788	28.3701132380408	20.804624131012535
40-44	23.100885546814418	27.929499955361592	28.166683780595974	20.80293071722802
45-49	23.047657072705732	27.849923879748346	28.275402662207007	20.82701638533892
50-54	23.004854316573393	27.907399619861696	28.19460263566703	20.893143427897883
55-59	22.977770940701557	28.002043932358404	28.25048816998434	20.7696969569557
60-64	22.96641591807454	28.00556532993836	28.310677399004998	20.717341352982103
65-69	22.926964235185963	28.09555463128442	28.26302029212527	20.714460841404346
70-74	22.929548155144573	28.114923372231193	28.22110538984187	20.734423082782367
75-79	22.9096719217059	28.123905047818674	28.181928753811427	20.784494276664
80	22.71077835051939	27.9836135129103	28.560385560817465	20.745222575752845
>>END_MODULE
>>Per base GC content	fail
#Base	%GC
1	59.78557135141847
2	47.29179774442161
3	40.54671570831916
4	44.78051910540421
5	42.216374354530686
6	47.475890494767384
7	48.05512189117482
8	47.018212075897566
9	43.88038114528833
10-14	44.02794814173199
15-19	44.07660223713554
20-24	43.56704432538735
25-29	43.77866387478399
30-34	43.75245679225525
35-39	44.012137554480404
40-44	43.90381626404243
45-49	43.87467345804465
50-54	43.897997744471276
55-59	43.74746789765725
60-64	43.68375727105664
65-69	43.64142507659031
70-74	43.66397123792694
75-79	43.6941661983699
80	43.45600092627224
>>END_MODULE
>>Per sequence GC content	warn
#GC Content	Count
0	324.0
1	318.5
2	365.0
3	452.0
4	539.0
5	591.0
6	664.0
7	805.5
8	1007.5
9	1209.5
10	1278.0
11	1539.0
12	2039.5
13	2761.0
14	4130.0
15	5017.0
16	6300.5
17	9686.5
18	14824.5
19	21586.0
20	25312.0
21	30840.5
22	42865.5
23	56710.0
24	72846.0
25	81634.0
26	90721.5
27	109942.5
28	130388.5
29	151577.0
30	162453.0
31	172824.0
32	193979.5
33	215006.0
34	235345.5
35	245443.0
36	254247.5
37	270125.5
38	281800.5
39	288633.5
40	290865.0
41	289718.0
42	286342.5
43	281021.5
44	272635.0
45	267341.0
46	262119.0
47	250108.0
48	235678.0
49	220589.5
50	213142.0
51	204605.5
52	188666.0
53	174085.5
54	161276.5
55	155645.0
56	149901.0
57	137743.0
58	123020.0
59	105970.5
60	97230.0
61	87706.5
62	70296.5
63	55413.5
64	42496.0
65	36575.0
66	32487.5
67	24938.0
68	18700.5
69	14129.5
70	12334.0
71	11023.5
72	8716.0
73	6991.0
74	5816.0
75	5369.0
76	4938.0
77	4249.0
78	3772.0
79	3371.5
80	3190.0
81	3049.0
82	2792.0
83	2617.5
84	2458.0
85	2357.0
86	2285.0
87	2142.0
88	2068.5
89	2105.5
90	2145.0
91	2286.5
92	2558.5
93	3572.5
94	5546.0
95	6636.0
96	7560.0
97	8616.0
98	12465.5
99	52708.5
100	89234.0
>>END_MODULE
>>Per base N content	pass
#Base	N-Count
1	0.003976103162967215
2	7.007691398333022E-4
3	0.0
4	0.0
5	0.0
6	0.0
7	0.0
8	0.0
9	0.0
10-14	2.1327756429709198E-5
15-19	6.093644694202627E-6
20-24	0.0029615113213824775
25-29	0.10542614685439967
30-34	0.1126379753499885
35-39	0.03806699840468382
40-44	0.005514748448253379
45-49	0.001956059946839044
50-54	0.0012004480047579178
55-59	1.0054513745434337E-4
60-64	7.617055867753285E-5
65-69	7.007691398333022E-5
70-74	2.4374578776810513E-4
75-79	3.6561868165215774E-5
80	0.00412844428032228
>>END_MODULE
>>Sequence Length Distribution	pass
#Length	Count
80	6564216.0
>>END_MODULE
>>Sequence Duplication Levels	warn
#Total Duplicate Percentage	39.27280428577617
#Duplication Level	Relative count
1	100.0
2	40.29960765664011
3	12.64772321959339
4	3.340863155391749
5	0.9019934213133595
6	0.29405936670233424
7	0.17199698807117664
8	0.12047715293464907
9	0.08084651052193556
10++	0.6650021796853327
>>END_MODULE
>>Overrepresented sequences	fail
#Sequence	Count	Percentage	Possible Source
GGGGGGGGGGGGGGGGGGGGGGGGGGGGGGGGGGGGGGGGGGGGGGGGGG	97387	1.4836044395857784	No Hit
AGGGGGGGGGGGGGGGGGGGGGGGGGGGGGGGGGGGGGGGGGGGGGGGGG	6781	0.10330251167847006	No Hit
>>END_MODULE
>>Kmer Content	fail
#Sequence	Count	Obs/Exp Overall	Obs/Exp Max	Max Obs/Exp Position
GGGGG	11447845	33.870968	39.88732	7
CCCTC	2379040	8.937651	14.507574	15-19
CCTCA	2829880	7.972365	54.624325	1
CTCAG	2946465	7.463358	49.301407	2
TCAGC	2783825	7.051393	48.060783	3
CTGAG	2995205	6.8213983	32.878666	9
GCTGA	2858480	6.510015	32.55077	8
GAGGG	2598660	6.412643	31.109352	4
TCCCT	2275795	6.378838	9.9443445	15-19
CAGCT	2353670	5.961816	12.045266	4
ATCCC	2108815	5.9409738	28.92668	9
TGAGG	2829830	5.794567	26.088327	3
AGCTG	2395140	5.454786	6.271222	40-44
AGGGA	2642855	5.4393206	25.961893	5
GATCC	1997725	5.0602117	25.701372	8
GGATC	2028655	4.620139	23.193201	7
GGGAT	2244470	4.595941	21.337852	6
TTTTT	3338850	3.8865633	4.5794363	2
AAAAA	3232305	3.859533	4.330887	70-74
CCCAG	847000	2.8756077	5.1282105	1
CAGCC	711230	2.4146614	5.3200846	4
GCCTC	647140	2.1859174	5.2933755	1
CAGCG	661990	2.0207446	40.582542	4
GCCTG	633640	1.9243848	5.1412387	1
CGCTG	631685	1.9184474	39.993553	7
AGCGC	613505	1.8727425	40.170883	5
GCGCT	603860	1.8339418	39.936924	6
ACCCT	593965	1.6733239	6.681315	9
GACCC	464990	1.5786642	7.6145096	8
GGGAC	520805	1.4293841	6.242111	6
GGACC	436490	1.3323989	6.7813597	7
>>END_MODULE
