##FastQC	0.10.1
>>Basic Statistics	pass
#Measure	Value	
Filename	RA033_R1.fq.gz	
File type	Conventional base calls	
Encoding	Sanger / Illumina 1.9	
Total Sequences	7454134	
Filtered Sequences	0	
Sequence length	80	
%GC	44	
>>END_MODULE
>>Per base sequence quality	pass
#Base	Mean	Median	Lower Quartile	Upper Quartile	10th Percentile	90th Percentile
1	30.0631508636684	32.0	32.0	32.0	21.0	32.0
2	30.92233624992521	32.0	32.0	32.0	32.0	32.0
3	31.241936890321533	32.0	32.0	32.0	32.0	32.0
4	31.31143845817636	32.0	32.0	32.0	32.0	32.0
5	31.17767228225304	32.0	32.0	32.0	32.0	32.0
6	34.70685984448361	36.0	36.0	36.0	32.0	36.0
7	34.700903552310706	36.0	36.0	36.0	32.0	36.0
8	34.68917207552212	36.0	36.0	36.0	32.0	36.0
9	34.612852277675714	36.0	36.0	36.0	32.0	36.0
10-14	34.679852763580584	36.0	36.0	36.0	32.0	36.0
15-19	34.564836907949335	36.0	36.0	36.0	32.0	36.0
20-24	34.37639154326981	36.0	36.0	36.0	32.0	36.0
25-29	34.062705419569866	36.0	36.0	36.0	32.0	36.0
30-34	33.865037628784236	36.0	36.0	36.0	32.0	36.0
35-39	33.72560385954961	36.0	36.0	36.0	31.0	36.0
40-44	33.57336887155503	36.0	36.0	36.0	25.8	36.0
45-49	33.37208150537675	36.0	36.0	36.0	21.0	36.0
50-54	33.13086115704387	36.0	36.0	36.0	19.6	36.0
55-59	32.8749610082137	36.0	35.2	36.0	14.0	36.0
60-64	32.60192008890637	36.0	32.0	36.0	14.0	36.0
65-69	32.37701339954447	36.0	32.0	36.0	14.0	36.0
70-74	32.20866979316444	36.0	32.0	36.0	14.0	36.0
75-79	32.05184910815932	36.0	32.0	36.0	14.0	36.0
80	30.37276241613043	36.0	27.0	36.0	14.0	36.0
>>END_MODULE
>>Per sequence quality scores	pass
#Quality	Count
14	5.0
15	216.0
16	2113.0
17	7984.0
18	14319.0
19	16876.0
20	17933.0
21	20417.0
22	26148.0
23	35314.0
24	50871.0
25	73621.0
26	105700.0
27	145329.0
28	192953.0
29	251109.0
30	322572.0
31	418186.0
32	571852.0
33	859024.0
34	1600074.0
35	2721518.0
>>END_MODULE
>>Per base sequence content	fail
#Base	G	A	T	C
1	36.36455596754515	24.23544387146318	15.711968200926185	23.68803196006548
2	18.28362108460283	28.453535084547827	25.83822384162199	27.424619989227356
3	19.82086718591321	28.260841567913857	30.49325381057008	21.42503743560285
4	23.444480606332004	28.224915194709403	28.811328049643325	19.519276149315264
5	22.809329695441484	31.040547433142468	26.533155964193828	19.61696690722222
6	24.796136586240145	26.260988367124654	28.258457422211276	20.684417624423926
7	25.682124845085962	28.146837714481656	25.70831165632386	20.462725784108525
8	25.623164273676863	27.12556549157823	27.033267714264326	20.21800252048058
9	22.800381640576894	29.99742156500004	27.34493369719407	19.857263097229
10-14	23.02965554734117	27.496084990807518	28.712564460211148	20.761695001640167
15-19	23.32697453469239	28.072601974093995	28.155154829936368	20.445268661277243
20-24	23.395631788504225	27.97151642849952	28.708432905038162	19.924418877958093
25-29	23.585923637250954	27.874728037057732	28.310902811547223	20.228445514144084
30-34	23.4070910749245	27.93785521371567	28.175229329310948	20.479824382048875
35-39	23.49399866987233	27.600436368625843	28.279441367850943	20.62612359365088
40-44	23.381007462575436	27.835777457215144	28.107379473083714	20.675835607125705
45-49	23.294625151315493	27.745881841314358	28.1994687818656	20.760024225504544
50-54	23.26439778551086	27.825406566365558	28.09394836235815	20.81624728576543
55-59	23.241421229296826	27.88458133014626	28.171423981063043	20.702573459493873
60-64	23.2037401667232	27.922017326346815	28.17738993359867	20.696852573331316
65-69	23.165216937747736	28.008894721062788	28.12593589067386	20.699952450515617
70-74	23.136933510810273	28.05192139535296	28.097195723059777	20.713949370776994
75-79	23.134443690440403	28.033845503963818	28.099994065035403	20.731716740560373
80	22.878614528305533	27.98981406550853	28.441797803216822	20.689773602969115
>>END_MODULE
>>Per base GC content	fail
#Base	%GC
1	60.05258792761063
2	45.70824107383019
3	41.24590462151606
4	42.96375675564727
5	42.426296602663705
6	45.48055421066407
7	46.14485062919449
8	45.841166794157445
9	42.657644737805896
10-14	43.791350548981335
15-19	43.77224319596964
20-24	43.320050666462315
25-29	43.81436915139504
30-34	43.88691545697338
35-39	44.12012226352321
40-44	44.05684306970114
45-49	44.05464937682004
50-54	44.080645071276294
55-59	43.943994688790696
60-64	43.90059274005452
65-69	43.865169388263354
70-74	43.85088288158727
75-79	43.86616043100078
80	43.568388131274645
>>END_MODULE
>>Per sequence GC content	warn
#GC Content	Count
0	418.0
1	389.5
2	403.5
3	524.0
4	666.5
5	731.0
6	827.5
7	1051.5
8	1263.5
9	1484.5
10	1621.0
11	1888.0
12	2435.0
13	3344.5
14	4895.5
15	5817.0
16	7492.5
17	11474.5
18	17249.0
19	25323.5
20	29930.0
21	35904.0
22	49060.5
23	64857.5
24	83385.5
25	93299.0
26	104316.5
27	126960.0
28	150910.0
29	175749.5
30	188265.0
31	200085.5
32	224554.5
33	249097.0
34	272886.0
35	284781.0
36	294183.0
37	310880.5
38	323308.0
39	331118.0
40	333796.0
41	332544.5
42	328408.5
43	321304.5
44	310621.0
45	304157.0
46	297002.5
47	282091.5
48	265017.0
49	246516.5
50	237334.0
51	227417.0
52	208927.0
53	192037.0
54	177139.0
55	170558.0
56	163828.0
57	149360.5
58	132396.5
59	113189.0
60	103208.0
61	93281.0
62	74333.5
63	58121.5
64	44928.0
65	38926.0
66	34133.5
67	26085.5
68	19969.5
69	15237.5
70	13366.0
71	11911.5
72	9386.0
73	7636.0
74	6436.5
75	5916.0
76	5577.5
77	4917.0
78	4418.0
79	3966.5
80	3692.0
81	3553.0
82	3342.5
83	3112.5
84	2918.0
85	2882.0
86	2819.0
87	2652.5
88	2631.5
89	2733.0
90	2752.0
91	2830.5
92	3084.5
93	4057.5
94	5369.0
95	5883.0
96	6494.0
97	7771.5
98	14491.0
99	75114.5
100	129685.0
>>END_MODULE
>>Per base N content	pass
#Base	N-Count
1	0.004453904370380248
2	9.256608480609551E-4
3	0.0
4	0.0
5	0.0
6	1.3415374609579062E-5
7	0.0
8	0.0
9	0.0
10-14	1.0732299687663249E-5
15-19	8.049224765747435E-6
20-24	0.0028064963683239394
25-29	0.10473382957698373
30-34	0.11181446429591956
35-39	0.03782062409932529
40-44	0.005819589505635396
45-49	0.0023020782830037666
50-54	0.0013254390114264111
55-59	1.6635064515878035E-4
60-64	8.585839750130599E-5
65-69	6.439379812597948E-5
70-74	2.6830749219158124E-4
75-79	4.829534859448462E-5
80	0.004373412122722774
>>END_MODULE
>>Sequence Length Distribution	pass
#Length	Count
80	7454134.0
>>END_MODULE
>>Sequence Duplication Levels	warn
#Total Duplicate Percentage	36.35246316459174
#Duplication Level	Relative count
1	100.0
2	36.34876641373983
3	10.504793493570812
4	2.5595589683008466
5	0.689112029927151
6	0.27413028003695455
7	0.16281218289487634
8	0.1385796719523831
9	0.11207536310903116
10++	0.663364987050752
>>END_MODULE
>>Overrepresented sequences	fail
#Sequence	Count	Percentage	Possible Source
GGGGGGGGGGGGGGGGGGGGGGGGGGGGGGGGGGGGGGGGGGGGGGGGGG	140938	1.8907360667248536	No Hit
AGGGGGGGGGGGGGGGGGGGGGGGGGGGGGGGGGGGGGGGGGGGGGGGGG	9545	0.12804975064843213	No Hit
>>END_MODULE
>>Kmer Content	fail
#Sequence	Count	Obs/Exp Overall	Obs/Exp Max	Max Obs/Exp Position
GGGGG	15197280	38.176666	44.963326	6
CCCTC	2612920	8.9999695	12.965366	10-14
CCTCA	2905805	7.421232	14.793241	1
CTCAG	3028825	6.8345823	13.378525	2
CTGAG	3309830	6.5989027	31.525421	2
TCAGC	2832030	6.3905125	12.352376	3
TCCCT	2505295	6.3708572	8.675087	10-14
GCTGA	3153575	6.2873726	31.415413	1
GAGGG	2861215	6.031829	32.18667	4
ATCCC	2310470	5.900786	30.218626	9
CAGCT	2572080	5.803931	7.5672746	15-19
AGCTG	2790855	5.5642076	6.483992	45-49
TGAGG	3123150	5.5015774	27.194143	3
AGGGA	2920190	5.166257	27.003714	5
GATCC	2189750	4.941199	26.492046	8
GGATC	2218020	4.42213	23.432648	7
GGGAT	2467795	4.3471375	21.126684	6
TTTTT	3854020	3.9438937	5.0777297	3
AAAAA	3752895	3.924012	4.2722178	75-76
CCCAG	949695	2.9026716	5.025397	1
CAGCC	785585	2.4010816	5.3131056	3
GCCTC	729610	2.220414	5.8038516	1
GCCTG	707430	1.9021947	5.13511	1
ACCCT	672405	1.7172778	8.739508	9
GACCC	521525	1.594002	9.962079	8
CAGCG	551565	1.4894937	9.205096	4
CGCTG	524175	1.409444	9.031731	7
GGGAC	584425	1.3944376	7.9164805	6
AGCGC	503570	1.3598839	8.982484	5
GCGCT	492350	1.3238703	8.919365	6
GGACC	486905	1.3148803	8.736281	7
AGGGG	466760	0.98399335	5.95535	1
>>END_MODULE
