##FastQC	0.10.1
>>Basic Statistics	pass
#Measure	Value	
Filename	RA030_R1.fq.gz	
File type	Conventional base calls	
Encoding	Sanger / Illumina 1.9	
Total Sequences	10173282	
Filtered Sequences	0	
Sequence length	80	
%GC	44	
>>END_MODULE
>>Per base sequence quality	pass
#Base	Mean	Median	Lower Quartile	Upper Quartile	10th Percentile	90th Percentile
1	30.216367146806704	32.0	32.0	32.0	21.0	32.0
2	31.00658695984246	32.0	32.0	32.0	32.0	32.0
3	31.2671265772442	32.0	32.0	32.0	32.0	32.0
4	31.317029843466443	32.0	32.0	32.0	32.0	32.0
5	31.239447112544408	32.0	32.0	32.0	32.0	32.0
6	34.739441706226174	36.0	36.0	36.0	32.0	36.0
7	34.7084933849273	36.0	36.0	36.0	32.0	36.0
8	34.71261132837957	36.0	36.0	36.0	32.0	36.0
9	34.669228180247046	36.0	36.0	36.0	32.0	36.0
10-14	34.691552421332666	36.0	36.0	36.0	32.0	36.0
15-19	34.558844176343484	36.0	36.0	36.0	32.0	36.0
20-24	34.38871616848918	36.0	36.0	36.0	32.0	36.0
25-29	34.08894427580008	36.0	36.0	36.0	32.0	36.0
30-34	33.88842460083187	36.0	36.0	36.0	32.0	36.0
35-39	33.75997757655789	36.0	36.0	36.0	31.0	36.0
40-44	33.60924983697493	36.0	36.0	36.0	27.0	36.0
45-49	33.41408007759934	36.0	36.0	36.0	21.0	36.0
50-54	33.18218987736701	36.0	36.0	36.0	21.0	36.0
55-59	32.92973815136551	36.0	36.0	36.0	15.4	36.0
60-64	32.66213227943548	36.0	32.0	36.0	14.0	36.0
65-69	32.44230164857319	36.0	32.0	36.0	14.0	36.0
70-74	32.28051313234018	36.0	32.0	36.0	14.0	36.0
75-79	32.12368478530331	36.0	32.0	36.0	14.0	36.0
80	30.422576411427503	36.0	27.0	36.0	14.0	36.0
>>END_MODULE
>>Per sequence quality scores	pass
#Quality	Count
13	1.0
14	5.0
15	256.0
16	3072.0
17	11478.0
18	20491.0
19	23588.0
20	24024.0
21	28005.0
22	35782.0
23	48268.0
24	68908.0
25	101322.0
26	143371.0
27	197780.0
28	260405.0
29	334258.0
30	425993.0
31	549984.0
32	747599.0
33	1130272.0
34	2156979.0
35	3861441.0
>>END_MODULE
>>Per base sequence content	warn
#Base	G	A	T	C
1	32.204144914326875	24.164010250026248	16.983624651179433	26.64822018446744
2	17.710745099827843	27.7930455409667	26.589050422020023	27.90715893718544
3	20.20301806241093	27.848220466118995	30.393554410464585	21.555207061005486
4	21.82600462662885	28.80651494768355	27.88662498493603	21.48085544075157
5	23.438338132997604	31.05648020535361	25.589787601463087	19.915394060185694
6	24.92412969580515	25.785808355651596	27.810592491194093	21.47946945734916
7	23.693907236622362	28.02998088522465	24.987757146612076	23.288354731540913
8	25.088776660275414	27.18188682865569	26.715272416512192	21.0140640945567
9	22.46368477743957	28.168245016701594	27.5320098273104	21.836060378548435
10-14	23.89269050325203	27.82239443631181	28.369649577337906	19.915265483098253
15-19	22.895801881666188	27.9639855835702	28.365301516867476	20.774911017896134
20-24	22.986285716824646	27.79165885759675	28.63118703688562	20.59086838869298
25-29	23.043099319468272	27.734677093803295	28.515873956782517	20.706349629945915
30-34	23.072528721698777	27.994636848796166	28.289813675508096	20.64302075399696
35-39	23.128430228806575	27.673696598358422	28.359984753478813	20.83788841935619
40-44	22.899123151592878	27.883762045272363	28.240074360557475	20.977040442577277
45-49	22.85854246257512	27.822884007732103	28.32714863924279	20.991424890449995
50-54	22.799109154101384	27.937747263328855	28.221647184163697	21.041496398406064
55-59	22.75951238411076	27.98983469405284	28.31078361845864	20.93986930337776
60-64	22.719192107524552	28.03086628566971	28.348097474927098	20.90184413187864
65-69	22.651593714435016	28.139392239158312	28.28273443426986	20.926279612136817
70-74	22.633337696405583	28.20165721515649	28.259430242004246	20.905574846433684
75-79	22.59244660373972	28.184420007002657	28.257232329638487	20.96590105961913
80	22.303212284695356	28.236198832323634	28.56588019113222	20.894708691848788
>>END_MODULE
>>Per base GC content	fail
#Base	%GC
1	58.85236509879432
2	45.61790403701328
3	41.758225123416416
4	43.30686006738042
5	43.353732193183305
6	46.40359915315431
7	46.98226196816327
8	46.10284075483212
9	44.299745155988006
10-14	43.80795598635029
15-19	43.67071289956232
20-24	43.57715410551763
25-29	43.74944894941419
30-34	43.71554947569574
35-39	43.96631864816277
40-44	43.87616359417016
45-49	43.84996735302511
50-54	43.84060555250745
55-59	43.69938168748852
60-64	43.62103623940319
65-69	43.57787332657183
70-74	43.53891254283927
75-79	43.55834766335885
80	43.19792097654414
>>END_MODULE
>>Per sequence GC content	warn
#GC Content	Count
0	475.0
1	452.0
2	445.0
3	572.0
4	788.5
5	894.0
6	1004.5
7	1202.5
8	1408.5
9	1707.0
10	1887.0
11	2201.0
12	2840.0
13	3938.0
14	5800.5
15	6890.0
16	8732.5
17	13527.5
18	20575.0
19	30612.5
20	36555.0
21	43910.0
22	60768.0
23	81457.5
24	105439.5
25	118235.0
26	132198.0
27	161781.5
28	193150.0
29	226383.0
30	243868.0
31	260901.5
32	294883.5
33	329101.0
34	363526.5
35	380683.0
36	396699.0
37	425155.5
38	446959.5
39	460682.0
40	465041.0
41	466112.5
42	464244.0
43	455901.0
44	442941.5
45	435385.0
46	426042.0
47	404712.5
48	379030.0
49	351224.5
50	337115.0
51	323124.5
52	295998.0
53	271955.5
54	250283.0
55	239517.0
56	229488.0
57	207918.0
58	183482.5
59	156458.0
60	142328.0
61	128220.5
62	101788.0
63	79242.5
64	60859.5
65	52697.0
66	46482.0
67	35111.0
68	26330.0
69	20061.5
70	17418.0
71	15515.5
72	12267.0
73	9908.0
74	8335.5
75	7776.0
76	7279.5
77	6413.0
78	5793.0
79	5208.5
80	4874.0
81	4732.5
82	4496.5
83	4191.5
84	3935.5
85	3890.0
86	3807.0
87	3616.5
88	3572.5
89	3681.0
90	3726.0
91	3911.0
92	4256.0
93	5358.5
94	7131.0
95	7961.0
96	8888.0
97	10592.5
98	16538.0
99	69328.0
100	116950.0
>>END_MODULE
>>Per base N content	pass
#Base	N-Count
1	0.004226757893863554
2	6.684175274016782E-4
3	0.0
4	0.0
5	9.829669520612914E-6
6	0.0
7	0.0
8	0.0
9	0.0
10-14	1.5727471232980666E-5
15-19	3.931867808245167E-6
20-24	0.0027739327387169646
25-29	0.10690355383837782
30-34	0.11445863783192091
35-39	0.038141083673882234
40-44	0.005673685247297775
45-49	0.0020720943349452027
50-54	0.0011756284746653046
55-59	1.1992196815147756E-4
60-64	7.273955445253557E-5
65-69	3.931867808245166E-5
70-74	2.201845972617293E-4
75-79	3.931867808245166E-5
80	0.004216928224342941
>>END_MODULE
>>Sequence Length Distribution	pass
#Length	Count
80	1.0173282E7
>>END_MODULE
>>Sequence Duplication Levels	pass
#Total Duplicate Percentage	18.739792475526393
#Duplication Level	Relative count
1	100.0
2	15.785704829644606
3	2.5736842738684094
4	0.5788833929065723
5	0.2629647013515303
6	0.17510921760479475
7	0.12396047706731174
8	0.09507648241085076
9	0.07943098530526772
10++	0.6751633750947756
>>END_MODULE
>>Overrepresented sequences	fail
#Sequence	Count	Percentage	Possible Source
GGGGGGGGGGGGGGGGGGGGGGGGGGGGGGGGGGGGGGGGGGGGGGGGGG	132185	1.2993348655822181	No Hit
AGGGGGGGGGGGGGGGGGGGGGGGGGGGGGGGGGGGGGGGGGGGGGGGGG	10578	0.10397824418904342	No Hit
>>END_MODULE
>>Kmer Content	fail
#Sequence	Count	Obs/Exp Overall	Obs/Exp Max	Max Obs/Exp Position
GGGGG	15823500	31.911808	39.697235	7
CCCTC	3862815	9.111525	12.753191	15-19
CCTCA	4548695	8.081313	46.480873	1
CTCAG	4781060	7.769057	42.75642	2
TCAGC	4518405	7.342252	41.603683	3
CTGAG	4851855	7.2110906	28.48293	9
GAGGG	4179060	6.9404287	10.78257	4
GCTGA	4652205	6.91436	28.184254	8
TCCCT	3770510	6.6584153	9.455876	15-19
CAGCT	3897805	6.333798	9.72051	4
TGAGG	4575800	6.22027	9.172878	3
ATCCC	3499000	6.2164	9.5924225	9
AGCTG	4153470	6.173114	7.2924533	40-44
AGGGA	4226290	5.7799735	9.022221	5
GATCC	3339915	5.427246	8.370499	8
GGGAT	3750265	5.0980506	7.350489	6
GGATC	3385905	5.032316	7.6740394	7
AAAAA	5113305	3.9052136	4.420344	75-76
TTTTT	5124665	3.797405	4.4439397	3
CCCAG	1289285	2.798398	5.254173	1
CAGCC	1206010	2.6176493	11.66878	3
GCCTC	1007810	2.1742768	5.284808	1
GCCTG	967485	1.9091036	5.2002587	1
CAGCG	920585	1.8275677	34.340893	4
CGCTG	887580	1.7514299	33.805714	7
AGCGC	851300	1.6900215	33.972115	5
GCGCT	839105	1.6557758	33.723217	6
AGCCC	715845	1.5537443	9.162203	4
GCCCT	670645	1.446868	8.562814	5
AGGGG	641645	1.0656204	6.2726274	1
>>END_MODULE
