##FastQC	0.10.1
>>Basic Statistics	pass
#Measure	Value	
Filename	RA034_R2.fq.gz	
File type	Conventional base calls	
Encoding	Sanger / Illumina 1.9	
Total Sequences	8816127	
Filtered Sequences	0	
Sequence length	80	
%GC	58	
>>END_MODULE
>>Per base sequence quality	fail
#Base	Mean	Median	Lower Quartile	Upper Quartile	10th Percentile	90th Percentile
1	28.079043552798183	32.0	32.0	32.0	14.0	32.0
2	27.864030883402656	32.0	21.0	32.0	14.0	32.0
3	28.00025283211097	32.0	32.0	32.0	14.0	32.0
4	27.429690044165653	32.0	21.0	32.0	14.0	32.0
5	27.369410626684484	32.0	21.0	32.0	14.0	32.0
6	29.71032574734915	36.0	21.0	36.0	14.0	36.0
7	29.53337117307861	36.0	21.0	36.0	14.0	36.0
8	29.45042715469049	36.0	21.0	36.0	14.0	36.0
9	28.810103688388338	36.0	14.0	36.0	14.0	36.0
10-14	28.61220676607767	36.0	14.0	36.0	14.0	36.0
15-19	27.54195106309154	36.0	14.0	36.0	14.0	36.0
20-24	26.73069169715908	34.4	14.0	36.0	14.0	36.0
25-29	26.250665989725423	32.0	14.0	36.0	14.0	36.0
30-34	25.884315232754698	32.0	14.0	36.0	14.0	36.0
35-39	25.592387292061467	32.0	14.0	36.0	14.0	36.0
40-44	25.266304421431315	32.0	14.0	36.0	14.0	36.0
45-49	24.94219625012208	27.0	14.0	36.0	14.0	36.0
50-54	24.66505546029453	22.2	14.0	36.0	14.0	36.0
55-59	24.392969157545032	21.0	14.0	36.0	14.0	36.0
60-64	24.178347294679398	18.2	14.0	36.0	14.0	36.0
65-69	23.98866175589349	14.0	14.0	36.0	14.0	36.0
70-74	23.8134696562334	14.0	14.0	36.0	14.0	36.0
75-79	23.67835002830608	14.0	14.0	36.0	14.0	36.0
80	23.09559844135639	14.0	14.0	36.0	14.0	36.0
>>END_MODULE
>>Per sequence quality scores	pass
#Quality	Count
2	491.0
3	400.0
4	380.0
5	382.0
6	325.0
7	327.0
8	308.0
9	296.0
10	307.0
11	307.0
12	315.0
13	346.0
14	102455.0
15	489131.0
16	765579.0
17	746296.0
18	600248.0
19	453356.0
20	345539.0
21	272097.0
22	224139.0
23	194197.0
24	177701.0
25	170683.0
26	171371.0
27	177991.0
28	191503.0
29	211920.0
30	240504.0
31	284487.0
32	358835.0
33	500142.0
34	850455.0
35	1283314.0
>>END_MODULE
>>Per base sequence content	fail
#Base	G	A	T	C
1	58.51026018921262	16.253371600715294	7.812498758406369	17.42386945166571
2	61.48811840495456	15.406614094151315	11.81106401854101	11.294203482353112
3	61.78373891232227	15.101163464372947	11.688370189949985	11.426727433354793
4	56.32400427211799	15.566759672486082	13.309022699115792	14.800213356280139
5	59.94685659734936	14.933200828480617	12.996622283668485	12.123320290501532
6	54.90152802649022	14.126917465644965	14.034198045096522	16.937356462768292
7	57.48308358291734	15.34772546864228	12.781000420726235	14.388190527714148
8	54.06440604762894	15.760906384035763	13.508733924503025	16.66595364383227
9	55.95733438144872	16.582556844053162	14.54828560403001	12.911823170468109
10-14	55.30803125562791	17.008815937251796	15.441661014406428	12.241491792713868
15-19	51.79273686787431	18.34158681347274	16.27213937622474	13.593536942428214
20-24	48.20155117017285	20.71927876120274	16.767293652755964	14.311876415868449
25-29	47.72514348918938	21.866677608859693	17.191906305535564	13.216272596415365
30-34	45.58627209842738	23.305834611450347	18.159961778931898	12.947931511190378
35-39	44.30933206355057	24.284030219679835	18.341553557725675	13.065084159043922
40-44	42.94223927215798	25.32870580923418	18.612973895580826	13.116081023027014
45-49	42.05544747256148	25.8513961720287	18.989642456451787	13.103513898958028
50-54	41.508027698394734	26.542323807095524	18.788357310781194	13.161291183728551
55-59	41.072584784517225	26.68949112265071	19.166788714083896	13.071135378748169
60-64	40.530012155357035	27.31791309203455	19.00877432915708	13.143300423451326
65-69	39.30568513384801	28.482643603190326	19.200879987304543	13.010791275657127
70-74	37.9489444296773	29.894287330424536	19.37843723628438	12.77833100361378
75-79	36.894637803303496	31.000401940979	19.34029720943144	12.764663046286062
80	35.71624670242018	29.681224686033648	21.288848593013704	13.313680018532473
>>END_MODULE
>>Per base GC content	fail
#Base	%GC
1	75.93412964087834
2	72.78232188730767
3	73.21046634567708
4	71.12421762839813
5	72.0701768878509
6	71.83888448925852
7	71.87127411063149
8	70.7303596914612
9	68.86915755191683
10-14	67.54952304834177
15-19	65.38627381030253
20-24	62.513427586041296
25-29	60.94141608560475
30-34	58.534203609617755
35-39	57.37441622259449
40-44	56.05832029518499
45-49	55.15896137151951
50-54	54.669318882123285
55-59	54.1437201632654
60-64	53.673312578808364
65-69	52.31647640950513
70-74	50.727275433291084
75-79	49.659300849589556
80	49.02992672095265
>>END_MODULE
>>Per sequence GC content	fail
#GC Content	Count
0	4153.0
1	3558.0
2	3053.0
3	3371.5
4	3827.5
5	4055.0
6	4440.5
7	5298.5
8	6320.0
9	7570.0
10	8271.0
11	8967.0
12	10613.5
13	12548.5
14	14838.5
15	16144.0
16	17899.5
17	21892.0
18	26732.0
19	32825.5
20	36316.0
21	40528.0
22	49881.0
23	60648.0
24	72435.0
25	78596.0
26	85636.0
27	100215.0
28	116185.5
29	131981.5
30	139346.0
31	147080.5
32	162116.0
33	177292.5
34	192323.0
35	199478.0
36	205262.0
37	215985.5
38	224449.0
39	229415.0
40	230857.0
41	230729.5
42	229183.5
43	225365.0
44	219846.0
45	216727.0
46	213358.5
47	205796.0
48	197309.5
49	188057.0
50	183097.0
51	179184.5
52	170906.5
53	162977.5
54	156007.0
55	152600.0
56	148727.5
57	141088.5
58	132893.5
59	123630.5
60	118796.0
61	113823.5
62	104435.5
63	96254.0
64	89975.0
65	87462.0
66	85175.5
67	81120.0
68	77490.5
69	74533.5
70	73437.0
71	72503.0
72	70929.5
73	69542.0
74	68299.0
75	67804.0
76	67460.0
77	66642.0
78	65904.0
79	65069.5
80	64499.0
81	64736.5
82	64612.5
83	64424.5
84	64747.0
85	64896.0
86	65018.0
87	65381.0
88	66198.0
89	67595.5
90	68417.0
91	69606.0
92	72751.5
93	76773.5
94	82394.0
95	85949.0
96	92339.5
97	109541.5
98	149153.0
99	569174.5
100	960396.0
>>END_MODULE
>>Per base N content	pass
#Base	N-Count
1	0.07808417460410903
2	0.06601538294536818
3	0.03363154818436712
4	0.03062569311898524
5	0.03820271645360826
6	0.03990414384910744
7	0.03170326380280139
8	0.044010255296912125
9	0.03230443481587777
10-14	0.04557556850077137
15-19	0.04818669241039745
20-24	0.045872751152518564
25-29	0.042601473413438805
30-34	0.04326616438261382
35-39	0.04674388197901414
40-44	0.05304370048208244
45-49	0.05784399430725079
50-54	0.06444326403192695
55-59	0.06061391810712346
60-64	0.05894878782939492
65-69	0.018559170030105054
70-74	0.008618296900668513
75-79	0.015879989024659015
80	0.015074646724122736
>>END_MODULE
>>Sequence Length Distribution	pass
#Length	Count
80	8816127.0
>>END_MODULE
>>Sequence Duplication Levels	warn
#Total Duplicate Percentage	30.594970757347685
#Duplication Level	Relative count
1	100.0
2	11.957333333333333
3	3.0743703703703704
4	0.9048888888888889
5	0.38222222222222224
6	0.20444444444444446
7	0.15348148148148147
8	0.12444444444444444
9	0.09718518518518518
10++	1.6201481481481481
>>END_MODULE
>>Overrepresented sequences	fail
#Sequence	Count	Percentage	Possible Source
GGGGGGGGGGGGGGGGGGGGGGGGGGGGGGGGGGGGGGGGGGGGGGGGGG	1275605	14.468995285571545	No Hit
>>END_MODULE
>>Kmer Content	fail
#Sequence	Count	Obs/Exp Overall	Obs/Exp Max	Max Obs/Exp Position
CCCCC	1944425	71.52499	85.106895	20-24
TTTTT	6428290	56.992443	73.21298	75-76
AAAAA	20560565	40.448696	77.448235	75-76
CCCTC	1134380	31.393244	40.950813	55-59
TCCCT	1196130	24.903883	32.019207	65-69
CCTCA	1296175	19.970177	25.226826	75-76
ATCCC	1072520	16.524319	23.027935	9
CCCCA	729860	14.94675	25.058681	7
ATTTT	1985200	13.024338	17.113356	75-76
GGGGG	160440205	12.420031	21.085712	2
CCACC	585090	11.982014	14.63113	9
TTTTA	1822345	11.955891	15.073674	70-74
CCTCC	429910	11.897486	34.396217	4
CCCAC	572495	11.724083	21.649624	6
CTCCC	403730	11.172971	27.098764	5
ACCCC	544905	11.159068	31.405869	4
CACCC	528880	10.8308935	18.480885	3
TTTCT	830035	9.781539	11.4586525	4
GCCCC	896145	9.608894	30.593887	5
TATTT	1460630	9.582782	13.229393	75-76
CTCCT	423115	8.809416	18.029781	5
TTTAT	1331130	8.733168	11.780228	75-76
TCTCT	541225	8.477691	10.154645	6
TTTTC	718805	8.47075	9.701625	10-14
CTTTT	698435	8.2307	9.8077135	9
TCTTT	696560	8.208604	9.92863	9
TTCTT	681315	8.02895	8.876747	15-19
TTATT	1220410	8.006766	11.386475	75-76
TTCCT	488025	7.6443715	9.380844	6
AAAAT	2865800	7.6187873	11.65215	75-76
CCCCG	702020	7.5273943	24.59407	6
CTTCC	356325	7.4188213	9.026653	4
TTTCC	472370	7.399153	9.017057	4
CTCTC	351875	7.3261714	10.756761	1
CCCAA	639315	7.288911	11.069648	7
TCTCC	347715	7.2395577	9.303545	4
TCCCA	466495	7.187291	12.74567	6
TAAAA	2699175	7.1758113	11.493449	70-74
TCCCC	258575	7.1558986	11.212073	2
TTCTC	455275	7.131379	8.168854	20-24
CCTCT	340970	7.099126	9.983908	4
TTTAA	1451795	7.048329	8.890009	70-74
AATTT	1451095	7.0449314	9.448533	75-76
CTTCT	439040	6.8770757	8.065983	8
TTCCC	322220	6.708742	8.109049	5
CCCCT	241230	6.6758866	10.415647	1
CCACA	581765	6.6327753	12.573039	7
TCCTC	317490	6.6102624	8.204525	6
CTTTC	419285	6.5676355	7.88698	7
TCCTT	415685	6.5112457	7.4874315	4
CTCTT	414325	6.489943	8.160084	5
CCTTT	409665	6.4169493	7.8604436	1
CAAAA	1762955	6.2297425	8.110773	75-76
CACCA	536850	6.1206937	7.8624587	1
TCTTC	389735	6.1047673	6.773731	6
CCTTC	292250	6.084756	7.7292213	4
AAATA	2281320	6.064935	9.247698	75-76
CTCAG	1350230	6.063935	7.7739263	65-69
CGCCC	564340	6.0511227	52.085205	4
CTCCA	390055	6.0095797	8.047822	1
CACAC	527040	6.0088487	8.119618	8
CATTT	670895	5.850525	6.8241367	2
TTCCA	497895	5.7712116	7.0347238	9
CCCGC	536755	5.755344	23.481714	6
TTAAA	1596015	5.733864	7.8877387	70-74
ATAAA	2151585	5.720032	9.529951	75-76
CCGCC	532745	5.7123466	13.559089	3
AAATT	1588935	5.708428	8.256244	75-76
ACCCA	495600	5.6503973	9.9249935	5
TCAGC	1247015	5.6003923	7.4223924	50-54
CCAAA	867685	5.507448	7.2240424	7
AACCC	480365	5.4767013	12.060615	4
CCCTT	261840	5.4516087	7.3373938	1
TTTCA	620280	5.409138	6.062392	10-14
AATAA	2029810	5.396291	8.872539	75-76
CAGCT	1197265	5.376963	7.194006	50-54
GTTTT	1559820	5.3581376	6.044115	30-34
TTTTG	1553315	5.335792	6.3240194	50-54
AAACA	1488420	5.2596207	7.353724	75-76
ACAAA	1473440	5.2066855	7.339629	75-76
CTCAC	335000	5.1613464	9.068222	4
AAAAC	1456160	5.1456237	6.7995205	70-74
TCTCA	439620	5.095733	5.7649765	10-14
CCATT	433195	5.0212603	7.01667	6
CACCT	318445	4.9062834	7.403527	1
ATTTA	1009235	4.899742	6.0185056	70-74
ATATT	1005425	4.8812447	7.1719227	75-76
ACCAC	426535	4.862979	5.655977	75-76
CCACT	313170	4.8250113	7.2199197	2
TCCAT	410690	4.7604	6.1881814	5
ACACA	744505	4.725589	5.644794	70-74
ACCTC	305740	4.7105374	7.218273	3
ACACC	405680	4.6252084	5.811884	75-76
AACAA	1299130	4.5907273	6.7819085	75-76
GATCC	1003960	4.508823	6.3490396	8
CATTC	387325	4.48957	6.1278405	2
ATTTC	513440	4.4774423	5.8053236	3
TATAT	905895	4.3980355	6.39	75-76
TGTTT	1262675	4.3374147	5.167153	75-76
CCCAT	280755	4.325594	6.2176857	6
TCACT	371155	4.3021407	6.5977907	5
CACTC	278845	4.2961664	6.384371	1
CTTCA	370460	4.294084	4.668663	5
ATTCT	489070	4.2649245	4.951186	8
TCACC	274140	4.223676	5.914128	2
CCAAC	369275	4.2101502	5.20079	15-19
ACTTT	481470	4.1986485	5.0403957	7
CCCAG	701355	4.1867175	11.97948	6
TTTGT	1216470	4.1786957	4.939832	50-54
TTATA	860630	4.1782784	5.865821	70-74
CACAA	657680	4.1744857	5.028743	1
TCATT	478485	4.172618	4.516989	9
TAATT	857235	4.161796	5.7897277	75-76
ACTCC	269795	4.1567326	7.194855	3
CCATC	269655	4.154576	5.4796333	5
AAACC	652695	4.142844	5.048725	75-76
TTCAT	471465	4.1114	4.592927	6
CACTT	354555	4.1097264	5.7705	9
AATAT	1143515	4.1082067	6.120538	75-76
ATTCC	353640	4.0991197	5.7829037	3
CATCT	353590	4.0985403	5.3143473	1
TCCAC	265815	4.095413	5.3106027	8
ATTAT	841360	4.0847244	5.7924933	75-76
CAACC	352715	4.0213475	5.900337	3
TTAAT	820400	3.9829652	5.4356494	75-76
CTCAT	333865	3.8699038	4.3603063	4
TAAAT	1056575	3.7958653	5.2689853	75-76
ATCTC	322915	3.7429795	5.042974	3
AATTA	1041650	3.7422454	4.941095	70-74
TATTA	769895	3.7377687	5.210826	70-74
CAACA	583670	3.7047226	4.423074	1
ATATA	1030905	3.7036428	5.217556	70-74
CATCC	235125	3.6225717	5.8337917	1
AACCA	569415	3.614242	4.058992	75-76
ATTAA	1003975	3.6068935	5.070426	75-76
ACTCT	310645	3.6007552	4.2952156	2
TTGTT	1045080	3.5899544	4.4077377	75-76
TTCTA	408380	3.561269	3.827519	10-14
TTCAC	307050	3.559085	4.149309	15-19
ACCAA	560725	3.559084	4.1096287	15-19
TATAA	985530	3.5406277	5.274049	70-74
AACAC	557630	3.539439	4.5327616	75-76
ACCCT	229300	3.532826	5.1411915	2
CTTTA	396525	3.4578876	3.7433467	10-14
CTCAA	400260	3.4332147	4.7608557	1
CAGCC	566905	3.384122	9.86001	3
CAAAC	530935	3.369998	4.0924892	1
ATCTT	386440	3.3699415	3.6576343	25-29
CACAT	392500	3.3666537	4.2734613	8
TCACA	392240	3.3644235	3.624274	5
ATAAT	927590	3.332472	5.0001454	75-76
TTCAA	513790	3.3155491	3.7558672	10-14
CCAGC	550265	3.28479	4.8790307	5
TCATC	282830	3.2783458	3.5856392	9
ATCCT	281465	3.2625234	4.109661	7
CTCTA	278270	3.2254899	4.3008323	1
ACATT	484950	3.1294413	3.5155187	1
TAATA	868060	3.1186037	4.612234	70-74
ACTTC	267690	3.1028543	3.5763273	3
GCCTC	383610	3.09454	8.787915	3
TTTAC	353300	3.0809448	3.3311057	15-19
GAAAA	2978135	3.0676224	4.3648925	70-74
CTACT	259105	3.003344	5.882798	1
GCCCA	493615	2.9466195	9.776208	5
GGCCC	872410	2.726744	8.639497	2
AGCCC	454495	2.713094	24.84172	4
CTACC	171415	2.6409917	5.5819316	1
AACCT	299115	2.5656474	5.0659504	2
CCCGG	739750	2.3121111	19.180302	6
GCCCG	576465	1.8017588	20.817965	5
GCCGC	562740	1.7588607	5.720859	2
CCGCA	294355	1.7571433	10.836429	7
GACCC	292670	1.7470845	5.253228	3
AGCCT	381215	1.7120513	5.0608397	2
GCGCC	524555	1.6395124	14.737116	3
CCAGA	463880	1.5416365	5.3446236	7
CGGCC	426320	1.332476	5.1984653	1
CGCCG	423040	1.3222243	5.5145288	6
CCCGA	206355	1.23183	6.8394036	7
CGCGC	375650	1.1741053	15.18605	4
GGCGC	996370	0.90776396	10.294335	2
CGCGG	845915	0.77068865	8.951578	6
GCGCG	833395	0.7592821	8.159608	5
GAGCC	423125	0.736263	5.687426	3
AGCGC	373280	0.64952964	5.9942174	4
CGGCG	704215	0.64158994	6.778926	1
>>END_MODULE
