##FastQC	0.10.1
>>Basic Statistics	pass
#Measure	Value	
Filename	RA032_R1.fq.gz	
File type	Conventional base calls	
Encoding	Sanger / Illumina 1.9	
Total Sequences	8256565	
Filtered Sequences	0	
Sequence length	80	
%GC	43	
>>END_MODULE
>>Per base sequence quality	pass
#Base	Mean	Median	Lower Quartile	Upper Quartile	10th Percentile	90th Percentile
1	30.220210099478415	32.0	32.0	32.0	21.0	32.0
2	31.005341204241716	32.0	32.0	32.0	32.0	32.0
3	31.275014851817918	32.0	32.0	32.0	32.0	32.0
4	31.33830448860997	32.0	32.0	32.0	32.0	32.0
5	31.189784129356457	32.0	32.0	32.0	32.0	32.0
6	34.75215770723055	36.0	36.0	36.0	32.0	36.0
7	34.714129180839734	36.0	36.0	36.0	32.0	36.0
8	34.72497945574219	36.0	36.0	36.0	32.0	36.0
9	34.6540956196675	36.0	36.0	36.0	32.0	36.0
10-14	34.70797952901721	36.0	36.0	36.0	32.0	36.0
15-19	34.57913255694105	36.0	36.0	36.0	32.0	36.0
20-24	34.40710983320545	36.0	36.0	36.0	32.0	36.0
25-29	34.09812952480844	36.0	36.0	36.0	32.0	36.0
30-34	33.89584111552444	36.0	36.0	36.0	32.0	36.0
35-39	33.762632402215694	36.0	36.0	36.0	31.0	36.0
40-44	33.60811763729832	36.0	36.0	36.0	27.0	36.0
45-49	33.411280768697395	36.0	36.0	36.0	21.0	36.0
50-54	33.173389902459434	36.0	36.0	36.0	21.0	36.0
55-59	32.919206376986075	36.0	35.2	36.0	15.4	36.0
60-64	32.64578242889143	36.0	32.0	36.0	14.0	36.0
65-69	32.422480559409394	36.0	32.0	36.0	14.0	36.0
70-74	32.25587573040362	36.0	32.0	36.0	14.0	36.0
75-79	32.09538666503564	36.0	32.0	36.0	14.0	36.0
80	30.416629918131814	36.0	27.0	36.0	14.0	36.0
>>END_MODULE
>>Per sequence quality scores	pass
#Quality	Count
13	1.0
14	4.0
15	207.0
16	2084.0
17	8020.0
18	14535.0
19	17276.0
20	18385.0
21	21586.0
22	28428.0
23	39419.0
24	56465.0
25	81526.0
26	116785.0
27	158606.0
28	211236.0
29	273198.0
30	350510.0
31	455352.0
32	621682.0
33	939966.0
34	1760927.0
35	3080367.0
>>END_MODULE
>>Per base sequence content	warn
#Base	G	A	T	C
1	33.88417830182681	22.903590926846107	17.454962770515582	25.757268000811507
2	18.007226537401444	27.278682901607493	25.455164910416784	29.25892565057428
3	19.72250199962115	27.293847658662852	32.26692120354181	20.716729138174184
4	23.039450793332435	27.84854571465806	27.351874217895002	21.76012927411451
5	22.417857789528696	33.113104541658664	25.03266188784319	19.43637578096945
6	26.824584657734135	25.37538617759155	27.208146148930716	20.591883015743594
7	25.0635100674433	27.658124171492627	24.314506093030214	22.963859668033862
8	27.036691408594255	26.890589488485826	26.0827595979684	19.989959504951514
9	21.938275784179016	29.600590560360153	26.617788390208275	21.84334526525256
10-14	23.505333950442385	27.471083186983098	28.624349932321717	20.399232930252797
15-19	22.699588640050123	27.967585937618654	28.09224311040938	21.240582311921838
20-24	22.79714564586144	27.9336914796951	28.6460082623185	20.62315461212496
25-29	22.902628138759844	27.845137277546435	28.581664637334008	20.67056994635971
30-34	22.90680666067501	28.17451280294923	28.265360074891404	20.653320461484352
35-39	22.858048104644535	27.755763185522685	28.452292461408636	20.933896248424148
40-44	22.743409990320856	28.050325243027487	28.28652141848227	20.91974334816939
45-49	22.666348076810483	27.99030384175231	28.398577033135357	20.94477104830185
50-54	22.591586100366946	28.08228532305666	28.304847717509148	21.021280859067247
55-59	22.563954529405585	28.17234784256715	28.399297256424276	20.86440037160299
60-64	22.529083114826285	28.17432721319819	28.450900003083607	20.84568966889191
65-69	22.469192981096246	28.27612225914909	28.40785266503241	20.846832094722256
70-74	22.435523901756522	28.323490640398386	28.380989246353316	20.859996211491776
75-79	22.41264342228642	28.305234067157738	28.39016772356339	20.891954786992457
80	22.157478012720304	28.299926928093633	28.704626349174706	20.83796871001136
>>END_MODULE
>>Per base GC content	fail
#Base	%GC
1	59.641446302638315
2	47.26615218797573
3	40.43923113779533
4	44.79958006744694
5	41.854233570498145
6	47.41646767347773
7	48.02736973547716
8	47.026650913545765
9	43.78162104943157
10-14	43.904566880695185
15-19	43.940170951971965
20-24	43.420300257986405
25-29	43.57319808511955
30-34	43.560127122159365
35-39	43.79194435306868
40-44	43.66315333849025
45-49	43.61111912511234
50-54	43.61286695943419
55-59	43.428354901008575
60-64	43.3747727837182
65-69	43.3160250758185
70-74	43.2955201132483
75-79	43.30459820927887
80	42.995446722731664
>>END_MODULE
>>Per sequence GC content	warn
#GC Content	Count
0	416.0
1	411.5
2	442.0
3	541.5
4	717.0
5	828.0
6	893.0
7	1052.0
8	1271.5
9	1533.5
10	1670.0
11	1936.0
12	2593.0
13	3549.0
14	5174.0
15	6234.0
16	7852.5
17	12056.5
18	18352.5
19	27102.5
20	32142.0
21	38461.5
22	52354.0
23	69785.5
24	90052.5
25	100461.0
26	112356.0
27	136588.5
28	162039.5
29	188974.5
30	202796.0
31	216489.0
32	243412.5
33	269691.0
34	295393.5
35	308048.0
36	319731.5
37	341015.5
38	357034.0
39	366794.5
40	370137.0
41	369401.5
42	366683.0
43	360123.0
44	349867.0
45	344188.0
46	336403.5
47	319449.5
48	300609.5
49	280397.0
50	269855.0
51	259457.0
52	239532.5
53	220946.0
54	204160.0
55	196434.0
56	189164.5
57	173478.0
58	154404.5
59	132554.5
60	121361.0
61	109552.0
62	87382.5
63	68540.5
64	52823.5
65	45588.0
66	40306.5
67	30797.5
68	23282.0
69	17689.0
70	15384.0
71	13763.0
72	10904.0
73	8865.0
74	7424.0
75	6784.0
76	6359.0
77	5597.0
78	4873.0
79	4352.5
80	4219.0
81	3968.5
82	3663.5
83	3426.5
84	3039.0
85	2834.0
86	2888.0
87	2829.0
88	2711.5
89	2782.5
90	2858.0
91	2923.5
92	3181.5
93	4363.0
94	6443.5
95	7535.0
96	8241.0
97	9075.5
98	13243.0
99	48712.5
100	80143.0
>>END_MODULE
>>Per base N content	pass
#Base	N-Count
1	0.004117935243045988
2	6.298018607011511E-4
3	1.2111574244252906E-5
4	1.2111574244252906E-5
5	0.0
6	1.2111574244252906E-5
7	0.0
8	0.0
9	0.0
10-14	1.937851879080465E-5
15-19	4.844629697701163E-6
20-24	0.002887399299829893
25-29	0.10534162814681408
30-34	0.11284111491885548
35-39	0.03754588015718401
40-44	0.005593124985995992
45-49	0.002199461882756328
50-54	0.0011360656641109226
55-59	1.3807194638448315E-4
60-64	5.3290926674712794E-5
65-69	6.0557871221264534E-5
70-74	2.058967621522994E-4
75-79	3.633472273275872E-5
80	0.003803034312695413
>>END_MODULE
>>Sequence Length Distribution	pass
#Length	Count
80	8256565.0
>>END_MODULE
>>Sequence Duplication Levels	warn
#Total Duplicate Percentage	22.80280407067661
#Duplication Level	Relative count
1	100.0
2	20.496639636512796
3	3.6235130785977976
4	0.7553718486732086
5	0.2782948916164453
6	0.16344303158426152
7	0.11548291420818477
8	0.1047549932161676
9	0.08329915123213327
10++	0.5900356545609441
>>END_MODULE
>>Overrepresented sequences	fail
#Sequence	Count	Percentage	Possible Source
GGGGGGGGGGGGGGGGGGGGGGGGGGGGGGGGGGGGGGGGGGGGGGGGGG	91015	1.1023349298406784	No Hit
AGGGGGGGGGGGGGGGGGGGGGGGGGGGGGGGGGGGGGGGGGGGGGGGGG	8362	0.1012769838304428	No Hit
>>END_MODULE
>>Kmer Content	fail
#Sequence	Count	Obs/Exp Overall	Obs/Exp Max	Max Obs/Exp Position
GGGGG	11633750	29.54547	36.766045	7
CCCTC	3076400	8.936894	14.666866	15-19
CCTCA	3655110	7.9767036	54.365566	1
CTCAG	3813910	7.6443086	50.16096	2
TCAGC	3593925	7.2033873	48.92642	3
CTGAG	3851460	7.089864	34.83892	9
GAGGG	3353575	6.966484	34.39467	4
GCTGA	3686890	6.786919	34.555683	8
TCCCT	2932835	6.368365	10.16298	15-19
CAGCT	3076895	6.167093	11.753822	4
TGAGG	3641680	6.156856	28.287357	3
ATCCC	2719120	5.9340525	29.506918	9
AGGGA	3420840	5.812631	28.13813	5
AGCTG	3103410	5.7128344	6.607105	40-44
GATCC	2586290	5.1837616	26.782436	8
GGGAT	2903330	4.9085546	23.195585	6
GGATC	2620415	4.823725	24.727785	7
TTTTT	4214745	3.8220887	4.5090704	2
AAAAA	4099410	3.8121028	4.288108	75-76
CCCAG	1063100	2.8506603	5.200395	1
CAGCC	898985	2.4105926	5.54139	3
GCCTC	811505	2.1651094	5.196623	1
CAGCG	826005	2.034224	42.993893	4
GCCTG	800870	1.9624355	5.1692824	1
CGCTG	792500	1.9419258	42.47114	7
AGCGC	770810	1.8982939	42.616867	5
GCGCT	758840	1.8594458	42.408802	6
ACCCT	760210	1.6590389	6.61402	9
GACCC	598275	1.6042507	7.655059	8
GGGAC	667970	1.5108377	6.610054	6
GGACC	562430	1.385111	6.970739	7
AGGGG	518145	1.0763584	5.740479	1
>>END_MODULE
