##FastQC	0.10.1
>>Basic Statistics	pass
#Measure	Value	
Filename	RA031_R2.fq.gz	
File type	Conventional base calls	
Encoding	Sanger / Illumina 1.9	
Total Sequences	7540319	
Filtered Sequences	0	
Sequence length	80	
%GC	57	
>>END_MODULE
>>Per base sequence quality	fail
#Base	Mean	Median	Lower Quartile	Upper Quartile	10th Percentile	90th Percentile
1	27.984574525295283	32.0	32.0	32.0	14.0	32.0
2	27.728498091393746	32.0	21.0	32.0	14.0	32.0
3	27.87097906600503	32.0	21.0	32.0	14.0	32.0
4	27.319758089810257	32.0	21.0	32.0	14.0	32.0
5	27.269315661578773	32.0	21.0	32.0	14.0	32.0
6	29.626177221414636	36.0	21.0	36.0	14.0	36.0
7	29.43407951308161	36.0	21.0	36.0	14.0	36.0
8	29.368750314144535	36.0	21.0	36.0	14.0	36.0
9	28.728723280805493	36.0	14.0	36.0	14.0	36.0
10-14	28.558420645068203	36.0	14.0	36.0	14.0	36.0
15-19	27.541494968581567	36.0	14.0	36.0	14.0	36.0
20-24	26.78275616721255	35.2	14.0	36.0	14.0	36.0
25-29	26.33308622619282	32.0	14.0	36.0	14.0	36.0
30-34	25.989782766485074	32.0	14.0	36.0	14.0	36.0
35-39	25.71484951763977	32.0	14.0	36.0	14.0	36.0
40-44	25.406738256033993	32.0	14.0	36.0	14.0	36.0
45-49	25.100610252696207	30.0	14.0	36.0	14.0	36.0
50-54	24.829118317142818	27.0	14.0	36.0	14.0	36.0
55-59	24.561520858732898	22.2	14.0	36.0	14.0	36.0
60-64	24.3543204737094	21.0	14.0	36.0	14.0	36.0
65-69	24.180670844297172	18.2	14.0	36.0	14.0	36.0
70-74	24.016067781747697	14.0	14.0	36.0	14.0	36.0
75-79	23.882528312131093	14.0	14.0	36.0	14.0	36.0
80	23.198553668618	14.0	14.0	36.0	14.0	36.0
>>END_MODULE
>>Per sequence quality scores	pass
#Quality	Count
2	442.0
3	319.0
4	337.0
5	329.0
6	257.0
7	245.0
8	277.0
9	269.0
10	247.0
11	264.0
12	281.0
13	321.0
14	82751.0
15	405794.0
16	639804.0
17	628853.0
18	506936.0
19	386920.0
20	295025.0
21	232603.0
22	192116.0
23	166685.0
24	151877.0
25	146531.0
26	147924.0
27	155413.0
28	166287.0
29	183651.0
30	209639.0
31	248871.0
32	315281.0
33	441382.0
34	751789.0
35	1080599.0
>>END_MODULE
>>Per base sequence content	fail
#Base	G	A	T	C
1	56.567362949163524	17.134689266316574	7.94286839790964	18.355079386610257
2	58.86695026086818	16.604659464674473	12.291373467818294	12.237016806639051
3	58.78381103338267	16.306107623266033	12.730268970607822	12.179812372743477
4	53.69678294151491	16.414041281389572	14.332805384153009	15.556370392942506
5	57.32821067177818	16.07465245715814	13.910124964709727	12.687011906353948
6	52.67709780579369	14.995879163159664	14.7561780710981	17.570844959948545
7	54.892549791653124	16.276899034347718	13.623962079674603	15.206589094324555
8	51.47894858627651	16.61326770842842	14.614362577245835	17.293421128049232
9	53.451075939828876	17.487338762913293	15.47818987822713	13.5833954190307
10-14	52.800769420482176	17.998270162565127	16.319488247491684	12.88147216946102
15-19	49.379476955610215	19.349659156153407	17.15319307118027	14.117670817056108
20-24	45.90999368305494	21.65548806659952	17.637024701630157	14.797493548715376
25-29	45.44005906986666	22.812339469276054	18.01611562290611	13.731485837951174
30-34	43.40152229881014	24.19904868132661	18.93867100801494	13.46075801184831
35-39	42.198209177051446	25.144684492633644	19.09196839559371	13.565137934721196
40-44	40.92011179199151	26.140083816128694	19.32657407883372	13.61323031304608
45-49	40.08468726166929	26.63360796763337	19.66814425682643	13.61356051387091
50-54	39.5757255287367	27.277516229739845	19.49390023369594	13.652858007827518
55-59	39.153886261984354	27.422290339321425	19.867092213346112	13.55673118534811
60-64	38.69301101423243	27.99459280567673	19.699650445879886	13.612745734210948
65-69	37.530550924751765	29.101318390722874	19.892941770722686	13.475188913802672
70-74	36.22282650647805	30.48705262682653	20.05594639917539	13.234174467520038
75-79	35.223142926829034	31.55114747569778	20.00924990408676	13.216459693386426
80	34.017583405246796	30.39756184845143	21.909248703501746	13.675606042800029
>>END_MODULE
>>Per base GC content	fail
#Base	%GC
1	74.92244233577378
2	71.10396706750723
3	70.96362340612615
4	69.25315333445742
5	70.01522257813212
6	70.24794276574224
7	70.09913888597768
8	68.77236971432575
9	67.03447135885958
10-14	65.68224158994319
15-19	63.49714777266632
20-24	60.707487231770315
25-29	59.17154490781783
30-34	56.862280310658456
35-39	55.763347111772646
40-44	54.53334210503758
45-49	53.698247775540196
50-54	53.22858353656421
55-59	52.71061744733247
60-64	52.30575674844338
65-69	51.00573983855444
70-74	49.45700097399809
75-79	48.43960262021546
80	47.69318944804682
>>END_MODULE
>>Per sequence GC content	fail
#GC Content	Count
0	3938.0
1	3444.5
2	3035.0
3	3249.0
4	3614.0
5	3849.0
6	4248.5
7	5036.5
8	5917.5
9	7108.5
10	7807.0
11	8513.5
12	10021.5
13	11733.5
14	13896.5
15	15149.0
16	16810.5
17	20424.5
18	24728.5
19	30261.5
20	33443.0
21	37110.5
22	45524.5
23	55382.0
24	66241.5
25	71990.0
26	78074.0
27	90911.5
28	104515.5
29	118502.5
30	125639.0
31	132815.0
32	146709.0
33	159900.0
34	173026.5
35	179680.0
36	185161.0
37	195099.0
38	202478.0
39	206166.5
40	206933.0
41	207239.0
42	206069.0
43	202659.5
44	197128.5
45	193531.0
46	190503.5
47	183588.5
48	175778.0
49	167477.5
50	163100.0
51	158733.5
52	150158.5
53	142226.0
54	135078.5
55	131655.0
56	128924.0
57	122753.0
58	114776.5
59	106059.0
60	101878.0
61	97570.0
62	89100.5
63	81815.5
64	76308.0
65	73924.0
66	71577.0
67	68009.0
68	65088.5
69	62200.5
70	61012.0
71	60182.5
72	58492.0
73	56996.0
74	55990.0
75	55619.0
76	55306.5
77	54492.0
78	53489.0
79	52837.5
80	52687.0
81	52441.0
82	52011.5
83	51769.0
84	51454.0
85	51198.0
86	51731.0
87	52431.5
88	52946.0
89	53758.5
90	54224.0
91	55146.5
92	57279.5
93	60409.5
94	65032.0
95	67735.0
96	72302.0
97	85276.5
98	115868.5
99	429626.0
100	721199.0
>>END_MODULE
>>Per base N content	pass
#Base	N-Count
1	0.07857757742079613
2	0.065037036231491
3	0.031762581927899866
4	0.031112742047120286
5	0.0375448306629998
6	0.03998504572551904
7	0.03194825046526546
8	0.04433499431522725
9	0.03117905223903657
10-14	0.045433091093360904
15-19	0.04791043986335326
20-24	0.0457275083454692
25-29	0.0425764480256074
30-34	0.04302470492296148
35-39	0.04603518763596076
40-44	0.052586634597289586
45-49	0.0571540806164832
50-54	0.0636683938703389
55-59	0.06018047777554239
60-64	0.05879061615297708
65-69	0.01897797692644038
70-74	0.008935961462638383
75-79	0.01609746218959702
80	0.015450274716494091
>>END_MODULE
>>Sequence Length Distribution	pass
#Length	Count
80	7540319.0
>>END_MODULE
>>Sequence Duplication Levels	warn
#Total Duplicate Percentage	28.904049518476665
#Duplication Level	Relative count
1	100.0
2	12.509637396657455
3	3.19131270238533
4	0.7775155087952365
5	0.29712835233136037
6	0.18266573356898003
7	0.13937158243087763
8	0.11742797158005859
9	0.08955365509388306
10++	1.309499804286714
>>END_MODULE
>>Overrepresented sequences	fail
#Sequence	Count	Percentage	Possible Source
GGGGGGGGGGGGGGGGGGGGGGGGGGGGGGGGGGGGGGGGGGGGGGGGGG	964392	12.789803720505724	No Hit
>>END_MODULE
>>Kmer Content	fail
#Sequence	Count	Obs/Exp Overall	Obs/Exp Max	Max Obs/Exp Position
CCCCC	1654200	58.292446	70.14345	20-24
TTTTT	5641445	47.18038	59.96155	75-76
AAAAA	17594730	34.166317	64.54422	75-76
CCCTC	1046535	27.659697	36.340435	55-59
TCCCT	1100360	21.812117	28.27753	55-59
CCTCA	1201820	17.789812	31.732422	1
ATCCC	986195	14.598045	21.842726	9
GGGGG	124187145	14.289868	24.84222	2
CCCCA	645850	12.746595	21.697334	7
ATTTT	1788220	11.16763	14.728313	75-76
CCTCC	388340	10.263743	31.60425	4
CCACC	520020	10.263195	12.945261	9
TTTTA	1641730	10.252783	12.899995	70-74
CCCAC	512205	10.108958	19.446978	6
CTCCC	366080	9.675416	24.383852	5
ACCCC	482305	9.518846	27.94219	4
CACCC	468875	9.253789	15.770851	3
GCCCC	772030	8.6585245	28.024088	5
TTTCT	749865	8.361512	10.007756	4
TATTT	1315235	8.213787	11.328833	75-76
CTCCT	381755	7.567418	16.021032	5
TTTAT	1197380	7.4777684	9.955281	75-76
TCTCT	489440	7.276656	8.999848	6
TTTTC	645220	7.1946483	8.740863	3
CTTTT	630350	7.0288367	8.446079	2
TCTTT	627600	6.9981723	8.513128	9
TTCTT	618980	6.9020543	7.6390977	10-14
TTATT	1097015	6.850979	9.495059	75-76
CCCCG	600990	6.740266	23.22275	6
AAAAT	2570025	6.683193	10.068243	75-76
TTCCT	439995	6.5415425	8.112859	6
CTTCC	326790	6.477863	8.315476	4
CTCTC	320315	6.349511	9.578065	1
CCCAA	572565	6.328862	10.08109	7
TAAAA	2416530	6.2840395	9.813754	70-74
TTTCC	421995	6.2739305	7.3100734	4
TCCCA	422220	6.2498665	12.223024	6
TCTCC	314715	6.238504	8.54144	4
TTTAA	1315425	6.1344414	7.685868	70-74
AATTT	1311115	6.1143417	8.099187	75-76
TTCTC	410020	6.0958943	7.064186	20-24
TCCCC	230215	6.084533	10.838302	2
CCTCT	306725	6.0801206	9.226865	4
CTTCT	397845	5.9148846	6.8700733	7
CTCAG	1250595	5.8916116	10.098169	2
CCACA	525015	5.8032665	10.92118	7
CCCCT	217295	5.7430606	9.736136	1
TTCCC	289470	5.73808	7.0049644	5
TCCTC	286210	5.6734576	7.18661	8
CTTTC	379680	5.6448197	6.632969	9
TCCTT	377635	5.6144166	6.74	6
CTCTT	373330	5.5504127	6.581937	7
CCTTT	372285	5.5348763	7.2006392	1
CAAAA	1586760	5.501594	6.8567276	1
TCAGC	1157270	5.4519525	9.301219	3
CGCCC	482715	5.413779	47.55433	4
AAATA	2046625	5.322124	7.9982896	75-76
CACCA	479270	5.297623	6.841076	1
CCTTC	267085	5.2943482	7.0651417	4
TCTTC	352695	5.243625	5.909505	6
CAGCT	1108670	5.2229958	6.9282656	50-54
CCCGC	465610	5.2219424	22.22548	6
CTCCA	352600	5.2193236	7.276117	1
CACAC	471460	5.211295	7.4392996	8
CCGCC	459295	5.1511183	12.839918	3
CATTT	611925	5.0952888	6.0949907	2
TTCCA	456080	5.063401	6.3200517	9
TTAAA	1444580	5.0305963	6.858371	70-74
ATAAA	1923135	5.0009956	8.124235	75-76
AAATT	1434135	4.9942217	7.1042595	75-76
ACCCA	447645	4.9480553	8.7992325	5
TTTTG	1364035	4.8407507	5.7688036	55-59
CCAAA	780970	4.834743	6.4318066	7
GTTTT	1360870	4.8295193	5.459277	30-34
AACCC	433090	4.7871714	11.25617	4
AATAA	1818315	4.7284174	7.697008	75-76
CCCTT	237490	4.707695	6.932982	1
TTTCA	564670	4.701813	5.4120417	10-14
AAACA	1342900	4.656086	6.3383226	75-76
ACAAA	1324380	4.5918736	6.237568	75-76
AAAAC	1310340	4.5431943	5.9039197	70-74
CTCAC	302120	4.472099	8.161207	4
TCTCA	401065	4.4526243	4.9993367	10-14
CCATT	397880	4.4172645	6.3772726	1
GATCC	927905	4.371403	6.5543528	8
ACCAC	386425	4.2713585	4.8432403	35-39
ATTTA	914455	4.264531	5.193231	70-74
CACCT	287845	4.2607946	6.9609866	1
ATATT	908430	4.2364335	6.1886506	75-76
CCACT	283880	4.202103	6.4864535	2
TCCAT	376525	4.180181	5.471373	4
ACACA	671955	4.1598644	4.887821	75-76
ACCTC	278960	4.1292753	7.317497	3
AACAA	1167190	4.046867	5.9122562	75-76
ACACC	363330	4.016077	5.053286	9
CATTC	355440	3.946095	5.5478206	7
TGTTT	1103350	3.91562	4.6980357	75-76
CCCAG	618890	3.8874204	11.344958	6
ATTTC	466310	3.8828032	4.7490277	3
TATAT	828835	3.8652453	5.5482626	75-76
CCCAT	256900	3.8027346	6.001384	4
TTTGT	1070990	3.8007793	4.440115	55-59
ATTCT	448145	3.7315495	4.1959167	8
CTTCA	335465	3.724333	4.117286	5
TCACT	334660	3.715396	5.889069	5
CACTC	249860	3.698526	5.6273136	1
CACAA	594710	3.6816652	4.4951234	1
ACTTT	438165	3.6484492	4.3240485	1
TTATA	781575	3.6448495	5.0770307	70-74
AAACC	588560	3.6435924	4.2670693	3
TCATT	437435	3.6423707	3.971201	9
CCATC	244900	3.625106	4.938401	5
TCACC	244675	3.6217754	4.9393816	2
CCAAC	327625	3.621411	4.5608106	15-19
TAATT	774935	3.613884	4.950389	75-76
ATTCC	325365	3.6122031	5.319487	3
AATAT	1033885	3.600394	5.3230686	75-76
TTCAT	430470	3.5843759	3.9710143	6
ACTCC	241975	3.581809	6.310708	3
CATCT	320845	3.5620217	4.608856	1
TCCAC	239785	3.5493917	4.680238	8
ATTAT	759920	3.5438626	4.8892736	75-76
CACTT	318640	3.5375419	4.7759	9
CAACC	318430	3.5197737	5.7821374	1
TTAAT	741665	3.458731	4.554465	75-76
CTCAT	301230	3.344256	3.8514752	4
TAAAT	951280	3.312731	4.6332126	75-76
ATATA	945305	3.2919238	4.6471024	75-76
AATTA	941625	3.2791085	4.257348	70-74
CAACA	526485	3.259305	4.283311	1
TATTA	697985	3.2550304	4.4644995	70-74
ATCTC	292975	3.2526085	4.534851	3
TTGTT	913530	3.241978	3.9909713	75-76
CAGCC	511235	3.211209	9.499143	3
AACCA	513465	3.1787026	3.4897895	75-76
ATTAA	906885	3.1581306	4.3181944	70-74
CATCC	212230	3.141512	4.890136	1
ACTCT	282025	3.131042	4.1636267	3
ACCAA	503925	3.1196432	3.679317	15-19
TATAA	894505	3.1150186	4.686126	75-76
ACCCT	210110	3.1101305	4.945007	2
TTCTA	373345	3.1087155	3.3431976	20-24
AACAC	501655	3.1055908	3.8825088	75-76
CCAGC	488805	3.07032	4.3370056	6
TTCAC	275410	3.0576026	3.4856138	10-14
CTCAA	365835	3.0328813	4.0750966	1
CTTTA	361405	3.0092952	3.27874	10-14
GCCTC	343275	2.8874953	8.501863	3
GCCCA	437710	2.749378	9.19617	5
GGCCC	749655	2.6758187	8.479903	2
CTACT	237815	2.6402225	5.3094697	1
AGCCC	407955	2.562479	23.389942	4
CTACC	157445	2.3305628	6.1619086	1
AACCT	272870	2.2621737	5.400415	2
CCCGG	633385	2.2608044	19.164333	6
GCCCG	495245	1.7677273	20.900555	5
GCCGC	482125	1.7208968	5.8088207	2
CCGCA	262350	1.6478934	10.237633	7
GACCC	261415	1.6420203	5.1839547	3
AGCCT	340800	1.6055248	5.040133	2
GCGCC	439880	1.5701077	14.43215	3
CCAGA	417300	1.4680291	5.0318923	7
CGGCC	364065	1.2994937	5.2636166	1
CGCCG	357475	1.2759712	5.477073	6
CCCGA	181085	1.1374453	6.7097187	7
CGCGC	312515	1.1154909	14.745506	4
GGCGC	824745	0.93691534	10.886438	2
CGCGG	702660	0.79822606	9.305418	6
GCGCG	689060	0.78277636	8.522241	5
GAGCC	370755	0.74117464	5.806408	3
CGGCG	586080	0.66579044	7.115439	1
AGCGC	328395	0.6564929	5.934804	4
>>END_MODULE
