##FastQC	0.10.1
>>Basic Statistics	pass
#Measure	Value	
Filename	RA034_R1.fq.gz	
File type	Conventional base calls	
Encoding	Sanger / Illumina 1.9	
Total Sequences	8816127	
Filtered Sequences	0	
Sequence length	80	
%GC	44	
>>END_MODULE
>>Per base sequence quality	pass
#Base	Mean	Median	Lower Quartile	Upper Quartile	10th Percentile	90th Percentile
1	30.230878253001574	32.0	32.0	32.0	21.0	32.0
2	31.002597852775942	32.0	32.0	32.0	32.0	32.0
3	31.26735594893313	32.0	32.0	32.0	32.0	32.0
4	31.324233078765765	32.0	32.0	32.0	32.0	32.0
5	31.247897744667245	32.0	32.0	32.0	32.0	32.0
6	34.75097171354269	36.0	36.0	36.0	32.0	36.0
7	34.72052478372873	36.0	36.0	36.0	32.0	36.0
8	34.72623239206967	36.0	36.0	36.0	32.0	36.0
9	34.68621742858287	36.0	36.0	36.0	32.0	36.0
10-14	34.704174157200775	36.0	36.0	36.0	32.0	36.0
15-19	34.57368665401485	36.0	36.0	36.0	32.0	36.0
20-24	34.40580406793142	36.0	36.0	36.0	32.0	36.0
25-29	34.104500309489644	36.0	36.0	36.0	32.0	36.0
30-34	33.90094214840598	36.0	36.0	36.0	32.0	36.0
35-39	33.77080665920534	36.0	36.0	36.0	31.0	36.0
40-44	33.61870004821845	36.0	36.0	36.0	27.0	36.0
45-49	33.419400990934	36.0	36.0	36.0	22.2	36.0
50-54	33.184568416494	36.0	36.0	36.0	21.0	36.0
55-59	32.93127045470193	36.0	35.2	36.0	15.4	36.0
60-64	32.66321821362147	36.0	32.0	36.0	14.0	36.0
65-69	32.441109185473394	36.0	32.0	36.0	14.0	36.0
70-74	32.27639744754131	36.0	32.0	36.0	14.0	36.0
75-79	32.114550368886476	36.0	32.0	36.0	14.0	36.0
80	30.424389757543192	36.0	27.0	36.0	14.0	36.0
>>END_MODULE
>>Per sequence quality scores	pass
#Quality	Count
14	6.0
15	229.0
16	2513.0
17	9512.0
18	17266.0
19	19934.0
20	20366.0
21	23007.0
22	29811.0
23	40567.0
24	59252.0
25	87308.0
26	124006.0
27	170395.0
28	224683.0
29	290729.0
30	370271.0
31	478251.0
32	651388.0
33	985945.0
34	1875228.0
35	3335460.0
>>END_MODULE
>>Per base sequence content	warn
#Base	G	A	T	C
1	32.352088754290776	23.96055722801195	16.995694844283086	26.691659173414184
2	17.751499223973155	27.77895933342566	26.53595522989235	27.93358621270883
3	20.168257577080908	27.830069579314088	30.449417351793745	21.552255491811255
4	21.835112156972347	28.72482766239956	27.8609221329187	21.57913804770939
5	23.4193480695884	31.038818074834467	25.560458818358406	19.981375037218733
6	24.94851764272452	25.743084236422636	27.74943010689388	21.558968013958964
7	23.667331471064333	28.037572507746315	24.934622652327946	23.360473368861406
8	25.136638798420215	27.160826970845587	26.673481450528108	21.029052780206094
9	22.51862977926702	28.156740482527077	27.484279661579286	21.84035007662662
10-14	23.890720154473303	27.813214358616413	28.346988538683636	19.949076948226644
15-19	22.901277821969522	27.933907571924106	28.344021927816282	20.820792678290093
20-24	23.008940222471068	27.758283680554925	28.592391373393127	20.64038472358088
25-29	23.081099942532724	27.68724811227205	28.483264713627083	20.748387231568145
30-34	23.106733057726945	27.963129405107278	28.255465890791065	20.674671646374716
35-39	23.16156630527304	27.62520585788239	28.31518308702253	20.898044749822038
40-44	22.954380530216547	27.849150641046727	28.176723996919467	21.01974483181726
45-49	22.917094631850503	27.7760575357622	28.269724520678047	21.03712331170925
50-54	22.87811981419539	27.870779875594113	28.156489500957903	21.09461080925259
55-59	22.832444313381387	27.93172582664155	28.257971659753984	20.97785820022308
60-64	22.799604687794417	27.97387839666981	28.29533498657754	20.931181928958228
65-69	22.732501578245163	28.07762797442612	28.246711410760163	20.943159036568552
70-74	22.705840669868593	28.123645802230218	28.222551155582853	20.947962372318337
75-79	22.692942036979424	28.110297536182678	28.20170731710637	20.99505310973153
80	22.438594672317755	28.10562349318256	28.528672380823178	20.927109453676515
>>END_MODULE
>>Per base GC content	fail
#Base	%GC
1	59.043747927704956
2	45.68508543668198
3	41.72051306889216
4	43.414250204681736
5	43.40072310680713
6	46.507485656683485
7	47.02780483992574
8	46.16569157862631
9	44.35897985589364
10-14	43.83979710269995
15-19	43.72207050025961
20-24	43.64932494605195
25-29	43.82948717410087
30-34	43.78140470410166
35-39	44.059611055095075
40-44	43.9741253620338
45-49	43.954217943559755
50-54	43.97273062344798
55-59	43.81030251360446
60-64	43.730786616752646
65-69	43.675660614813715
70-74	43.65380304218693
75-79	43.68799514671095
80	43.36570412599427
>>END_MODULE
>>Per sequence GC content	warn
#GC Content	Count
0	382.0
1	391.0
2	443.0
3	530.5
4	671.0
5	767.0
6	850.0
7	1057.0
8	1245.0
9	1484.5
10	1660.0
11	1889.5
12	2459.0
13	3348.5
14	4873.5
15	5849.0
16	7581.5
17	11561.5
18	17563.5
19	26089.0
20	30860.0
21	37457.0
22	52123.0
23	69975.0
24	90378.5
25	100999.0
26	113496.0
27	138650.0
28	165595.0
29	194802.0
30	209721.0
31	223853.0
32	253218.0
33	283034.0
34	312539.0
35	327461.0
36	341085.0
37	365673.5
38	384724.5
39	397237.5
40	401664.0
41	401531.5
42	399084.5
43	393001.0
44	382838.0
45	376444.0
46	368913.0
47	351444.5
48	331111.5
49	307469.0
50	294222.0
51	282186.0
52	258969.5
53	237672.0
54	218649.0
55	209743.0
56	201149.0
57	183210.0
58	162778.0
59	138840.5
60	125990.0
61	113884.5
62	90347.0
63	70190.0
64	54175.5
65	46886.0
66	41177.5
67	31172.0
68	23572.5
69	17767.0
70	15264.0
71	13715.0
72	10945.5
73	8880.5
74	7379.5
75	6723.0
76	6343.0
77	5657.5
78	5102.0
79	4541.0
80	4230.0
81	4102.5
82	3893.0
83	3624.5
84	3357.0
85	3276.0
86	3200.5
87	3115.0
88	3104.0
89	3153.5
90	3204.0
91	3269.0
92	3599.5
93	4779.0
94	6711.0
95	7729.0
96	8672.5
97	9979.5
98	14842.0
99	58314.0
100	97287.0
>>END_MODULE
>>Per base N content	pass
#Base	N-Count
1	0.004741311008791048
2	7.486280540196392E-4
3	1.1342849303327867E-5
4	1.1342849303327867E-5
5	2.2685698606655734E-5
6	0.0
7	0.0
8	0.0
9	0.0
10-14	2.041712874599016E-5
15-19	6.80570958199672E-6
20-24	0.0027109409834953605
25-29	0.10635055506800209
30-34	0.11390262413415778
35-39	0.0382526249905429
40-44	0.005827955972049858
45-49	0.0020870842718123278
50-54	0.0012840105411367146
55-59	1.633370299679213E-4
60-64	7.486280540196393E-5
65-69	7.032566568063277E-5
70-74	2.472741148125475E-4
75-79	2.9491408188652454E-5
80	0.00409476859850136
>>END_MODULE
>>Sequence Length Distribution	pass
#Length	Count
80	8816127.0
>>END_MODULE
>>Sequence Duplication Levels	warn
#Total Duplicate Percentage	31.798733443990685
#Duplication Level	Relative count
1	100.0
2	30.367134863537743
3	8.189876670092497
4	2.041224163526322
5	0.6559038483498915
6	0.28263103802672146
7	0.1812835445928971
8	0.14773895169578624
9	0.11062578508621675
10++	0.7665296334361082
>>END_MODULE
>>Overrepresented sequences	fail
#Sequence	Count	Percentage	Possible Source
GGGGGGGGGGGGGGGGGGGGGGGGGGGGGGGGGGGGGGGGGGGGGGGGGG	109433	1.2412820278110783	No Hit
AGGGGGGGGGGGGGGGGGGGGGGGGGGGGGGGGGGGGGGGGGGGGGGGGG	9463	0.10733738295739162	No Hit
>>END_MODULE
>>Kmer Content	fail
#Sequence	Count	Obs/Exp Overall	Obs/Exp Max	Max Obs/Exp Position
GGGGG	13561865	31.157452	38.817635	6
CCCTC	3351980	9.057971	12.738483	15-19
CCTCA	3953775	8.082129	47.186806	1
CTCAG	4152415	7.760981	43.23469	2
TCAGC	3930025	7.345328	42.119457	3
CTGAG	4211605	7.1972337	28.611616	9
GCTGA	4042555	6.908343	28.307795	8
GAGGG	3625885	6.8918967	10.916161	4
TCCCT	3270220	6.642077	9.413992	15-19
CAGCT	3360040	6.2800097	9.801028	4
ATCCC	3038510	6.211185	9.66874	9
TGAGG	3969115	6.201743	9.260269	3
AGCTG	3594680	6.1429677	7.224207	40-44
AGGGA	3664790	5.7630982	9.185465	5
GATCC	2898805	5.4179487	8.451312	8
GGGAT	3256185	5.0877895	7.4403863	6
GGATC	2947020	5.0361776	7.763627	7
AAAAA	4405150	3.9229643	4.513181	70-74
TTTTT	4462310	3.848388	4.590937	3
CCCAG	1136770	2.826774	5.2478	1
CAGCC	1048185	2.6064918	11.596486	3
GCCTC	880095	2.1745083	5.1269364	1
GCCTG	851905	1.9245305	5.3828764	1
CAGCG	818780	1.8616059	34.520172	4
CGCTG	786115	1.7759049	34.023956	7
AGCGC	754720	1.715957	34.166912	5
GCGCT	742005	1.6762564	33.93808	6
AGCCC	613425	1.5253867	9.115839	4
GCCCT	578830	1.4301534	8.473718	5
AGGGG	560170	1.0647424	6.3386245	1
>>END_MODULE
