##FastQC	0.10.1
>>Basic Statistics	pass
#Measure	Value	
Filename	RA031_R1.fq.gz	
File type	Conventional base calls	
Encoding	Sanger / Illumina 1.9	
Total Sequences	7540319	
Filtered Sequences	0	
Sequence length	80	
%GC	44	
>>END_MODULE
>>Per base sequence quality	pass
#Base	Mean	Median	Lower Quartile	Upper Quartile	10th Percentile	90th Percentile
1	30.21736905295386	32.0	32.0	32.0	21.0	32.0
2	30.99255959860584	32.0	32.0	32.0	32.0	32.0
3	31.253281194071498	32.0	32.0	32.0	32.0	32.0
4	31.30553256433846	32.0	32.0	32.0	32.0	32.0
5	31.243006960315604	32.0	32.0	32.0	32.0	32.0
6	34.721392954329914	36.0	36.0	36.0	32.0	36.0
7	34.70592185821316	36.0	36.0	36.0	32.0	36.0
8	34.69959440708013	36.0	36.0	36.0	32.0	36.0
9	34.65765586310075	36.0	36.0	36.0	32.0	36.0
10-14	34.68420301581405	36.0	36.0	36.0	32.0	36.0
15-19	34.5689261687735	36.0	36.0	36.0	32.0	36.0
20-24	34.39710025530751	36.0	36.0	36.0	32.0	36.0
25-29	34.10427877122971	36.0	36.0	36.0	32.0	36.0
30-34	33.912791010565996	36.0	36.0	36.0	32.0	36.0
35-39	33.78493153936856	36.0	36.0	36.0	32.0	36.0
40-44	33.63966938268792	36.0	36.0	36.0	27.0	36.0
45-49	33.448784646909495	36.0	36.0	36.0	22.2	36.0
50-54	33.21850017220756	36.0	36.0	36.0	21.0	36.0
55-59	32.972293983848694	36.0	36.0	36.0	16.8	36.0
60-64	32.70552598636742	36.0	32.0	36.0	14.0	36.0
65-69	32.49032249166116	36.0	32.0	36.0	14.0	36.0
70-74	32.3270110455539	36.0	32.0	36.0	14.0	36.0
75-79	32.17426726906382	36.0	32.0	36.0	14.0	36.0
80	30.483072533138188	36.0	27.0	36.0	14.0	36.0
>>END_MODULE
>>Per sequence quality scores	pass
#Quality	Count
14	2.0
15	206.0
16	2172.0
17	8205.0
18	14751.0
19	17251.0
20	17613.0
21	19919.0
22	24407.0
23	32640.0
24	47662.0
25	70920.0
26	102291.0
27	142763.0
28	190710.0
29	246215.0
30	315466.0
31	408280.0
32	558531.0
33	850610.0
34	1631476.0
35	2838229.0
>>END_MODULE
>>Per base sequence content	warn
#Base	G	A	T	C
1	34.814135670489705	24.640460350804226	15.368444171470278	25.176959807235793
2	18.216605972497245	28.688349464733527	26.372753841610034	26.722290721159197
3	19.967709588944444	28.522453758256116	29.195900067357893	22.313936585441542
4	21.762397819296215	29.04990213940579	29.065776801455854	20.12192323984214
5	23.52433630460462	29.85917439301971	26.61859531407093	19.99789398830474
6	23.518884821124846	26.325385610548103	28.543555541114664	21.61217402721239
7	24.154946229728477	28.480718123464005	25.811069796914428	21.553265849893087
8	24.15653767433447	27.40374777247488	27.364624759244272	21.075089793946383
9	23.033335857541307	28.520941885880426	28.031227856540287	20.414494400037984
10-14	23.466020766341238	27.904170927981653	28.458089269772362	20.17171903590475
15-19	23.209049103284553	28.12002739831252	28.420651308305494	20.250272190097437
20-24	23.220562439105592	27.895104225120786	28.745254573227502	20.139078762546117
25-29	23.4153010238093	27.83756443515562	28.4232234366836	20.323911104351485
30-34	23.309309587929892	27.907148605954752	28.296705200732696	20.486836605382663
35-39	23.418846622022773	27.628499122711002	28.308704895902782	20.643949359363443
40-44	23.21992700413362	27.825364306244172	28.188582336666144	20.766126352956064
45-49	23.183954344914888	27.731431395319134	28.281863080101832	20.802751179664142
50-54	23.134875236080493	27.834183405248076	28.145972517954636	20.88496884071679
55-59	23.134268817517455	27.867934116017416	28.23436736520036	20.763429701264773
60-64	23.09714565748081	27.91478031738305	28.22836405866578	20.759709966470364
65-69	23.05237401330061	28.001737009476447	28.19262026134237	20.753268715880573
70-74	23.033756860338578	28.04437819065622	28.141955230843386	20.779909718161818
75-79	22.992582165282887	28.028282537214366	28.14849769643533	20.830637601067416
80	22.762856851459155	27.99043820516347	28.445305156878504	20.801399786498873
>>END_MODULE
>>Per base GC content	fail
#Base	%GC
1	59.991095477725494
2	44.938896693656446
3	42.28164617438599
4	41.88432105913835
5	43.522230292909356
6	45.13105884833723
7	45.70821207962156
8	45.23162746828085
9	43.44783025757929
10-14	43.63773980224598
15-19	43.45932129338198
20-24	43.35964120165171
25-29	43.73921212816078
30-34	43.79614619331255
35-39	44.062795981386216
40-44	43.98605335708968
45-49	43.98670552457904
50-54	44.019844076797284
55-59	43.89769851878222
60-64	43.85685562395117
65-69	43.80564272918118
70-74	43.813666578500396
75-79	43.8232197663503
80	43.564256637958024
>>END_MODULE
>>Per sequence GC content	warn
#GC Content	Count
0	340.0
1	349.0
2	392.0
3	492.5
4	636.0
5	713.0
6	769.5
7	936.5
8	1143.5
9	1393.0
10	1546.0
11	1706.5
12	2192.5
13	3026.5
14	4456.0
15	5377.0
16	6856.5
17	10523.0
18	15979.5
19	23755.5
20	28262.0
21	34210.0
22	47688.0
23	63615.0
24	81928.5
25	91845.0
26	102890.0
27	125597.5
28	149455.5
29	174977.0
30	188303.0
31	200512.5
32	225589.0
33	251191.5
34	276134.5
35	288342.0
36	299451.5
37	318878.0
38	332908.5
39	340759.0
40	342896.0
41	342731.0
42	340187.0
43	332337.0
44	320365.0
45	313864.0
46	305875.0
47	289406.5
48	271358.0
49	251753.0
50	241717.0
51	231350.5
52	211896.5
53	194947.0
54	178946.0
55	170807.0
56	164034.5
57	149327.5
58	132715.0
59	113368.5
60	102700.0
61	92626.5
62	73211.5
63	56772.0
64	43891.0
65	38108.0
66	33369.5
67	25482.0
68	19579.5
69	14837.0
70	12848.0
71	11401.5
72	8935.5
73	7262.5
74	6102.5
75	5596.0
76	5253.0
77	4636.5
78	4229.0
79	3828.0
80	3561.0
81	3511.0
82	3372.5
83	3101.0
84	2925.5
85	2933.0
86	2817.5
87	2698.0
88	2729.5
89	2763.0
90	2761.0
91	2886.5
92	3203.5
93	4182.0
94	5525.5
95	6082.0
96	6552.5
97	7667.5
98	13736.5
99	69824.0
100	120487.0
>>END_MODULE
>>Per base N content	pass
#Base	N-Count
1	0.004376472666474721
2	7.426741494623769E-4
3	0.0
4	1.3262038383256728E-5
5	0.0
6	5.304815353302691E-5
7	0.0
8	0.0
9	0.0
10-14	2.3871669089862114E-5
15-19	7.957223029954038E-6
20-24	0.002883167144520013
25-29	0.10633237134927581
30-34	0.11374054599016302
35-39	0.03838033908114498
40-44	0.005835296888632961
45-49	0.0021802791102074064
50-54	0.001249284015702784
55-59	1.2996797615591596E-4
60-64	6.1005376562980955E-5
65-69	4.2438522826421536E-5
70-74	2.7319799069508866E-4
75-79	7.161500726958634E-5
80	0.0041377559755761
>>END_MODULE
>>Sequence Length Distribution	pass
#Length	Count
80	7540319.0
>>END_MODULE
>>Sequence Duplication Levels	warn
#Total Duplicate Percentage	32.92954204748779
#Duplication Level	Relative count
1	100.0
2	32.342910703341865
3	8.282201953927682
4	1.849381736904719
5	0.5039835610512275
6	0.21630195753271567
7	0.15213237679801003
8	0.11103500486679405
9	0.09084682216374058
10++	0.6525109052236923
>>END_MODULE
>>Overrepresented sequences	fail
#Sequence	Count	Percentage	Possible Source
GGGGGGGGGGGGGGGGGGGGGGGGGGGGGGGGGGGGGGGGGGGGGGGGGG	131902	1.7492893868283292	No Hit
AGGGGGGGGGGGGGGGGGGGGGGGGGGGGGGGGGGGGGGGGGGGGGGGGG	9140	0.1212150308229665	No Hit
>>END_MODULE
>>Kmer Content	fail
#Sequence	Count	Obs/Exp Overall	Obs/Exp Max	Max Obs/Exp Position
GGGGG	14418960	37.009594	44.09977	6
CCCTC	2572525	8.60843	11.020549	60-64
CCTCA	2936845	7.3099856	20.176182	1
CTCAG	3097225	6.8830757	18.333342	2
CTGAG	3286105	6.52027	11.196429	2
TCAGC	2894980	6.4336195	17.333645	3
TCCCT	2530370	6.263309	7.9754844	55-59
GCTGA	3134835	6.220121	11.126794	1
GAGGG	2792820	5.972005	10.693353	4
ATCCC	2330405	5.8005195	9.909367	9
CAGCT	2597975	5.773574	7.536769	50-54
AGCTG	2893135	5.7405405	6.864965	45-49
TGAGG	3083560	5.4627447	9.261661	3
AGGGA	2839110	5.057738	9.078484	5
GATCC	2210085	4.9115524	8.492073	8
GGATC	2239450	4.443503	7.592627	7
GGGAT	2500095	4.429095	7.085885	6
AAAAA	3812025	3.9266348	4.2923093	75-76
TTTTT	3890350	3.8974004	5.0452237	3
CCCAG	965220	2.8998837	5.3495765	1
CAGCC	878855	2.640411	11.834229	3
GCCTC	753520	2.2513003	5.723975	1
GCCTG	720130	1.9209844	5.469347	1
AGCCC	514730	1.5464425	9.229763	4
GCCCT	485885	1.4516842	8.6712265	5
CAGCG	527665	1.415425	11.032794	4
CGCTG	504035	1.3445396	10.74664	7
AGCGC	476440	1.2780175	10.734219	5
GCGCT	466190	1.2435862	10.629077	6
AGGGG	474815	1.015317	6.0374427	1
>>END_MODULE
